[10.5851   6.43182]
[10.8946   5.62077]
[11.9676   5.24354]
[11.493    6.09231]
[11.2247   6.80905]
[10.4819   7.58238]
[10.5232   8.22368]
[10.42     8.80839]
[11.4311   8.20482]
[11.5136   7.56352]
[12.4421   7.84644]
[12.731    6.58271]
[10.5438   6.43182]
[10.8533   5.62077]
[11.9469   5.24354]
[11.4517   6.09231]
[11.1835   6.80905]
[10.4407   7.58238]
[10.4819   8.22368]
[10.3788   8.80839]
[11.3898   8.20482]
[11.4724   7.56352]
[12.4215   7.84644]
[12.6897   6.58271]
[10.4988294   6.42251823]
[10.80088097  5.61090501]
[11.92087076  5.23050174]
[11.39756371  6.08325277]
[11.1307655   6.79580594]
[10.39223642  7.57424894]
[10.43493997  8.21510637]
[10.3277233   8.79897606]
[11.33786148  8.19528729]
[11.42307677  7.55364787]
[12.37254961  7.84661195]
[12.63465254  6.58464277]
[10.45656838  6.41372221]
[10.75162812  5.59984358]
[11.89902946  5.2189652 ]
[11.34928501  6.07452315]
[11.08250874  6.78352031]
[10.34704016  7.56667428]
[10.39101562  8.20707253]
[10.28067468  8.79004307]
[11.28931413  8.18655025]
[11.37684794  7.54463483]
[12.3313234   7.84977159]
[12.58072959  6.58723101]
[10.4142633   6.40537007]
[10.70075048  5.58866391]
[11.87570864  5.20799364]
[11.2990079   6.06507992]
[11.03470074  6.77250727]
[10.30090813  7.55975997]
[10.3460924   8.19972928]
[10.23298164  8.78174376]
[11.24028286  8.17799559]
[11.33025377  7.5364442 ]
[12.28657278  7.85153707]
[12.52571226  6.58871009]
[10.37256686  6.39783874]
[10.65006253  5.57715516]
[11.85245565  5.19744891]
[11.24969996  6.05469325]
[10.98826002  6.76264433]
[10.25512908  7.55380493]
[10.30152379  8.19336476]
[10.18602126  8.7742704 ]
[11.19251755  8.17004035]
[11.28497848  7.52937215]
[12.24202931  7.85344506]
[12.47084302  6.58926206]
[10.33085946  6.39126665]
[10.59981577  5.56526432]
[11.82888481  5.18743302]
[11.1998685   6.04394118]
[10.94241369  6.75406865]
[10.20964443  7.54879944]
[10.25715037  8.18795156]
[10.13906608  8.76708894]
[11.14483134  8.16268952]
[11.23969494  7.52306572]
[12.19646919  7.85491473]
[12.41647927  6.58900433]
[10.28989612  6.38621725]
[10.55096175  5.55263336]
[11.80500515  5.17794585]
[11.14990867  6.03267784]
[10.89651771  6.74688514]
[10.16459915  7.5447279 ]
[10.21337694  8.18363147]
[10.09238528  8.76022293]
[11.09719098  8.15653944]
[11.19493737  7.5177161 ]
[12.15031915  7.85616667]
[12.36291877  6.58810116]
[10.24974474  6.38338237]
[10.50368417  5.53913875]
[11.78056248  5.16897447]
[11.09967998  6.02099541]
[10.85066584  6.7411366 ]
[10.11996723  7.54192438]
[10.17037779  8.18151375]
[10.04614521  8.75390716]
[11.04941698  8.15178854]
[11.15046679  7.51366987]
[12.10342964  7.85713566]
[12.31011483  6.58648539]
[10.21076799  6.38283413]
[10.45784017  5.52483916]
[11.75534218  5.1604031 ]
[11.04918517  6.00893012]
[10.8053629   6.73703635]
[10.07634816  7.54118182]
[10.12862871  8.1817817 ]
[10.00026588  8.74815894]
[11.00210525  8.14862672]
[11.10675287  7.51095525]
[12.05589186  7.85785754]
[12.25809777  6.58405071]
[10.17291907  6.38448256]
[10.41333866  5.50981213]
[11.72934661  5.15215639]
[10.99860623  5.99646765]
[10.7609718   6.73446285]
[10.03354253  7.54245047]
[10.08794334  8.18435541]
[9.9551234  8.74326655]
[10.95535408  8.14689921]
[11.06352946  7.50998391]
[12.00769596  7.85833212]
[12.20684082  6.58059951]
[10.13608854  6.38760674]
[10.37021332  5.49417938]
[11.70265331  5.14371088]
[10.94824525  5.98359302]
[10.71736048  6.73331937]
[9.99160393 7.54563571]
[10.04835654  8.18885996]
[9.91026197 8.739292  ]
[10.90927827  8.14642765]
[11.02077768  7.5107164 ]
[11.95887459  7.8586015 ]
[12.15630119  6.57608374]
[10.10026535  6.39203734]
[10.32848792  5.47803211]
[11.67529748  5.13510721]
[10.89875876  5.97055624]
[10.67446921  6.73352443]
[9.95071051 7.55008417]
[10.00996581  8.19472487]
[9.86592049 8.73719484]
[10.86398779  8.14680996]
[10.97859405  7.51294425]
[11.90946056  7.85868311]
[12.1064807   6.57054105]
[10.06537566  6.39764683]
[10.28804416  5.46143981]
[11.64721538  5.12634695]
[10.85003513  5.95725632]
[10.63237533  6.73478015]
[9.91092559 7.55541146]
[9.97268905 8.20144326]
[9.8216057  8.73671231]
[10.81962183  8.14809047]
[10.93697557  7.51650623]
[11.85947929  7.85860087]
[12.05738595  6.56399627]
[10.0308777   6.40436162]
[10.24889041  5.44466438]
[11.61837753  5.11745805]
[10.80214364  5.94366881]
[10.59107626  6.73687749]
[9.87133069 7.56216868]
[9.93589091 8.20911036]
[9.7775673  8.73757723]
[10.77611467  8.15024309]
[10.89582378  7.5213589 ]
[11.8089674   7.85836776]
[12.00904345  6.55647536]
[9.99671363 6.4120137 ]
[10.21081254  5.42782234]
[11.58874159  5.10846311]
[10.75505831  5.92993703]
[10.5505385   6.73976749]
[9.83187276 7.57002892]
[9.89921623 8.21797187]
[9.7336842  8.73979005]
[10.73336369  8.15321643]
[10.85518043  7.52723156]
[11.75797433  7.8580045 ]
[11.96153174  6.54803016]
[9.96296864 6.42017661]
[10.17347595  5.41084874]
[11.55822894  5.09944543]
[10.70861079  5.91629324]
[10.51056524  6.7435824 ]
[9.79250475 7.57901203]
[9.86268596 8.22793536]
[9.69001843 8.74320386]
[10.69127975  8.15699512]
[10.81499056  7.53397852]
[11.70662459  7.85756923]
[11.91495122  6.53872575]
[9.92946284 6.42883801]
[10.1369356   5.39386733]
[11.5268033   5.09043416]
[10.66271025  5.90273909]
[10.47096577  6.74843876]
[9.7533452  7.58880743]
[9.8264291  8.23852351]
[9.64650189 8.74738912]
[10.64975943  8.16153508]
[10.77511399  7.54163258]
[11.65492214  7.85679812]
[11.86928676  6.52858973]
[9.89597413 6.4379291 ]
[10.10114258  5.37736547]
[11.49444061  5.08145703]
[10.61726172  5.88933053]
[10.43166691  6.7542427 ]
[9.71431825 7.59932057]
[9.79026361 8.24970665]
[9.60286988 8.75220825]
[10.60848719  8.16710809]
[10.73527932  7.55050481]
[11.60286166  7.85538495]
[11.82472877  6.5179044 ]
[9.86233538 6.44739154]
[10.06589394  5.36126531]
[11.4611228   5.07253979]
[10.57220574  5.87610391]
[10.39256435  6.76091872]
[9.67541788 7.61048693]
[9.75416223 8.26139003]
[9.55912722 8.75766632]
[10.56742317  8.1736201 ]
[10.69556598  7.56050649]
[11.5506823   7.85355757]
[11.78125172  6.50673198]
[9.8285096  6.45712055]
[10.03112265  5.34555698]
[11.42684091  5.06371136]
[10.52745183  5.86309884]
[10.35358654  6.76833212]
[9.63652967 7.622235  ]
[9.71806312 8.27345112]
[9.51516985 8.76375536]
[10.52655381  8.18100124]
[10.65583648  7.5716291 ]
[11.49845572  7.85145002]
[11.73881095  6.49502975]
[9.79443115 6.46701817]
[9.99678719 5.33023859]
[11.39171361  5.05533402]
[10.48299979  5.85064887]
[10.31463533  6.77641459]
[9.59740917 7.63431608]
[9.68190444 8.28581367]
[9.47099754 8.77038462]
[10.48584748  8.1891659 ]
[10.61601536  7.58381355]
[11.44616461  7.84908206]
[11.69735295  6.48271222]
[9.76012804 6.47703188]
[9.96290095 5.31531915]
[11.35565034  5.04748844]
[10.43878873  5.83901686]
[10.27584767  6.78509159]
[9.55802858 7.64669261]
[9.64562817 8.29839882]
[9.42654061 8.77748192]
[10.44524299  8.19805334]
[10.57601474  7.59700829]
[11.39383132  7.84648274]
[11.65682693  6.46978905]
[9.72547627 6.48729136]
[9.92947833 5.30082342]
[11.31873483  5.04017257]
[10.39455306  5.82846647]
[10.23703257  6.79451771]
[9.51831083 7.65938443]
[9.60917821 8.31120086]
[9.38169893 8.78502643]
[10.40469671  8.20765975]
[10.53572685  7.61096613]
[11.34146651  7.84355663]
[11.61719954  6.4564529 ]
[9.69044437 6.49790203]
[9.8964615 5.2867615]
[11.28099431  5.03339345]
[10.35030236  5.81903022]
[10.19814205  6.80465507]
[9.47819984 7.67236499]
[9.57250463 8.32416668]
[9.33664016 8.79293574]
[10.36426139  8.21797574]
[10.49519001  7.62561146]
[11.28909562  7.84030507]
[11.57837483  6.44277554]
[9.6548432  6.50881614]
[9.86379737 5.27310901]
[11.24250181  5.02720334]
[10.30620034  5.81066535]
[10.15919724  6.81543641]
[9.43763144 7.6855977 ]
[9.53548131 8.33738477]
[9.29150717 8.80109919]
[10.3238624   8.22894976]
[10.45460533  7.64092722]
[11.23672933  7.83676399]
[11.54031941  6.42883699]
[9.61852393 6.51998306]
[9.83156514 5.25989445]
[11.20327773  5.02160958]
[10.26208534  5.80339341]
[10.12018397  6.82673629]
[9.39655993 7.69906938]
[9.49794717 8.35098224]
[9.24627336 8.80949519]
[10.28343204  8.24050501]
[10.41386247  7.65684991]
[11.18437852  7.83296467]
[11.50296299  6.41467177]
[9.58162916 6.5309134 ]
[9.79964509 5.24656272]
[11.16326717  5.01660616]
[10.21749605  5.79659795]
[10.08099036  6.83795555]
[9.3550811  7.71242711]
[9.45988435 8.36440392]
[9.20074793 8.81770569]
[10.24295001  8.25196558]
[10.3730262   7.67273479]
[11.13199912  7.82894944]
[11.4655785   6.40038112]
[9.5441784  6.54094227]
[9.76795287 5.2321639 ]
[11.12242106  5.01218215]
[10.17193018  5.78945855]
[10.04143485  6.84821872]
[9.31310841 7.72495563]
[9.42135138 8.37693837]
[9.15466484 8.8251408 ]
[10.20232399  8.26234396]
[10.33208917  7.68768118]
[11.07953962  7.82475459]
[11.42719005  6.38615364]
[9.50598511 6.55018861]
[9.73609208 5.21730049]
[11.08077842  5.00833925]
[10.12558632  5.78220844]
[10.00151797  6.85748884]
[9.27046768 7.73670983]
[9.38222828 8.38865513]
[9.10806642 8.8318541 ]
[10.16153303  8.27167582]
[10.29096484  7.70182048]
[11.02703099  7.8204062 ]
[11.38797724  6.37204017]
[9.46712515 6.5586696 ]
[9.70433602 5.20196464]
[11.03835069  5.00505064]
[10.0784174   5.77487703]
[9.96122792 6.86580594]
[9.22718001 7.74769896]
[9.34245218 8.39957963]
[9.06097312 8.83784404]
[10.12062934  8.27997577]
[10.24974698  7.71515259]
[10.9744275   7.81592045]
[11.34795522  6.35812993]
[9.42759674 6.5664078 ]
[9.67273928 5.18617117]
[10.99516538  5.00229273]
[10.03057149  5.76756354]
[9.92055875 6.87320739]
[9.18317564 7.75795129]
[9.3020494  8.40973996]
[9.01340772 8.84312212]
[10.07962565  8.28727222]
[10.20843708  7.72769612]
[10.92175189  7.81130502]
[11.30716009  6.34442543]
[9.38744235 6.57341729]
[9.64140591 5.16991887]
[10.95123543  5.00004792]
[9.98214383 5.76038814]
[9.87949681 6.87972113]
[9.13844966 7.76748531]
[9.2610119  8.41915282]
[8.96535063 8.84768837]
[10.03863872  8.29366857]
[10.1670734   7.73946147]
[10.86901802  7.80656519]
[11.26562133  6.33093966]
[9.34664483 6.57971714]
[9.61010524 5.15323795]
[10.90657833  4.99829728]
[9.93328792 5.7536363 ]
[9.8380531  6.88537683]
[9.09300255 7.77631837]
[9.21934003 8.42783719]
[8.91655055 8.85136995]
[9.99761838 8.29917882]
[10.12567987  7.75047239]
[10.81624562  7.80170991]
[11.22359899  6.31802074]
[9.30516544 6.58533234]
[9.57885424 5.13646692]
[10.86128317  4.99704738]
[9.88438678 5.74717079]
[9.7962354  6.89024198]
[9.04682912 7.78446767]
[9.17702797 8.43581162]
[8.86708254 8.85415885]
[9.95657866 8.30389863]
[10.0842444   7.76078921]
[10.76348304  7.79675714]
[11.18104039  6.3056201 ]
[9.26301064 6.59025225]
[9.54785406 5.12050296]
[10.81536601  4.99629298]
[9.83540841 5.74105272]
[9.75403444 6.8943654 ]
[8.99991393 7.79194856]
[9.13405452 8.44309222]
[8.81692132 8.85605794]
[9.91566865 8.30808488]
[10.0427602   7.77043089]
[10.71074132  7.79171994]
[11.13798611  6.29372081]
[9.22025815 6.59432399]
[9.51684917 5.10526871]
[10.76885119  4.99600838]
[9.78628588 5.73522956]
[9.71139285 6.89780029]
[8.95227587 7.79877103]
[9.09041798 8.44969409]
[8.76608556 8.85711732]
[9.87480718 8.3117514 ]
[10.00121765  7.77943821]
[10.65803688  7.78661414]
[11.0944547   6.28228402]
[9.17688274 6.59758417]
[9.48544694 5.0900171 ]
[10.72176923  4.99616696]
[9.73701079 5.72970378]
[9.66826852 6.90058274]
[8.90388017 7.80490856]
[9.04610447 8.45563595]
[8.71457424 8.85733158]
[9.83398392 8.31488194]
[9.95968231 7.78768738]
[10.60538491  7.78144923]
[11.05048837  6.2712917 ]
[9.13290598 6.60007365]
[9.45264966 5.07362381]
[10.67413847  4.99675139]
[9.68762345 5.72447216]
[9.62462649 6.90270593]
[8.85486783 7.8102692 ]
[9.00112579 8.46095147]
[8.66241549 8.85671815]
[9.79315798 8.31745089]
[9.91818868 7.79511376]
[10.5528291   7.77623229]
[11.00611782  6.26072205]
[9.08833379 6.60179736]
[9.41901687 5.05690109]
[10.62602269  4.99772901]
[9.63810358 5.71956947]
[9.58044256 6.90416306]
[8.80529301 7.81484037]
[8.95545963 8.46565644]
[8.60949673 8.8551915 ]
[9.75230185 8.31942077]
[9.87671552 7.80174054]
[10.50041182  7.77096   ]
[10.96138331  6.25055771]
[9.04315844 6.60277573]
[9.38452198 5.04113738]
[10.57739729  4.99901709]
[9.5884316  5.71502191]
[9.53568915 6.90498462]
[8.75517774 7.81863127]
[8.90918367 8.4696279 ]
[8.55578292 8.85270945]
[9.71135525 8.32068981]
[9.83525843 7.80758285]
[10.44815337  7.76565068]
[10.9163765   6.24079603]
[8.99738601 6.60303583]
[9.34907051 5.02659849]
[10.52829053  5.000606  ]
[9.53845921 5.71078888]
[9.49033672 6.90522378]
[8.70453456 7.82165259]
[8.86225283 8.47288096]
[8.50154585 8.84983995]
[9.67031176 8.32128928]
[9.79382787 7.81264997]
[10.39606117  7.76031797]
[10.8711105   6.23140725]
[8.95097901 6.6026253 ]
[9.31283797 5.01238591]
[10.47899711  5.00238855]
[9.488112   5.70690776]
[9.44444906 6.90503956]
[8.65337913 7.823918  ]
[8.81466122 8.47545471]
[8.44671682 8.84657252]
[9.62915054 8.32121921]
[9.7524003  7.81697003]
[10.34414711  7.75498101]
[10.82586533  6.22227199]
[8.90393201 6.60158834]
[9.27575658 4.99767016]
[10.43008094  5.00414306]
[9.43738277 5.70341104]
[9.39803919 6.90444736]
[8.60173035 7.82543505]
[8.7664022  8.47738453]
[8.39133626 8.84307785]
[9.58792006 8.32041523]
[9.71092967 7.8203993 ]
[10.29242147  7.74965632]
[10.78070363  6.21332176]
[8.85624775 6.59995601]
[9.23803505 4.98255817]
[10.38146734  5.00585163]
[9.38634987 5.70012399]
[9.35117348 6.90346413]
[8.5496158  7.82611778]
[8.71749578 8.47878004]
[8.33543489 8.83932366]
[9.54658136 8.31893104]
[9.66944208 7.82296711]
[10.2408861   7.74435254]
[10.73561596  6.20454142]
[8.80802467 6.59782632]
[9.19962642 4.96705563]
[10.33317956  5.00752737]
[9.33504907 5.69681303]
[9.30401264 6.90215291]
[8.49705675 7.82603792]
[8.66800179 8.4797407 ]
[8.27909726 8.83518296]
[9.50515854 8.31679269]
[9.62797141 7.8246639 ]
[10.18952474  7.73905303]
[10.69057072  6.19594512]
[8.75955619 6.59536339]
[9.16056365 4.95123713]
[10.28522425  5.00917953]
[9.28343197 5.69348045]
[9.256667   6.90057154]
[8.44410307 7.825326  ]
[8.61802253 8.4802533 ]
[8.22229972 8.83066082]
[9.46367644 8.31399755]
[9.58662672 7.82564992]
[10.13833119  7.73375011]
[10.6455437   6.18753846]
[8.71085848 6.59260978]
[9.12083234 4.93510512]
[10.23759574  5.01081195]
[9.23148997 5.69011507]
[9.20902371 6.89872314]
[8.39101102 7.82438328]
[8.56791478 8.48034113]
[8.16532163 8.82588824]
[9.42230357 8.31058329]
[9.54547131 7.8259869 ]
[10.08736227  7.72853131]
[10.60048957  6.17924007]
[8.66202158 6.58959702]
[9.0804389  4.91867627]
[10.19029982  5.01239556]
[9.17934031 5.68665508]
[9.16109272 6.8965996 ]
[8.33798916 7.8235983 ]
[8.51774941 8.48006186]
[8.108262   8.82103059]
[9.38059627 8.30672442]
[9.50453409 7.82553519]
[10.03669031  7.7235313 ]
[10.55539303  6.17105751]
[8.61304813 6.58630869]
[9.03968681 4.90193128]
[10.14335761  5.01384912]
[9.12702641 5.68306665]
[9.11287837 6.89419311]
[8.28498572 7.82297939]
[8.46753574 8.47942074]
[8.05112081 8.81611565]
[9.33869795 8.30240053]
[9.46385309 7.82429785]
[9.98629053 7.71874128]
[10.51024202  6.16302697]
[8.56397486 6.58271762]
[8.998613   4.88482947]
[10.09675097  5.01521316]
[9.07453382 5.67933702]
[9.0644013 6.8914951]
[8.23203766 7.8223303 ]
[8.41730287 8.4784257 ]
[7.99390217 8.81115836]
[9.29660256 8.29761176]
[9.42344691 7.82230431]
[9.93616299 7.71416937]
[10.46502138  6.15515651]
[8.51482996 6.57882585]
[8.95778478 4.86718779]
[10.05052431  5.01651422]
[9.02187011 5.67544932]
[9.01571112 6.88849601]
[8.17911474 7.82155564]
[8.36726736 8.47753173]
[7.9366278  8.80615874]
[9.25435544 8.29223019]
[9.38332955 7.8195777 ]
[9.88629648 7.7098183 ]
[10.41973662  6.14747475]
[8.46584683 6.57472094]
[8.91734398 4.84915393]
[10.00468462  5.01777925]
[8.96903595 5.67138709]
[8.9668206  6.88518739]
[8.12624682 7.82065695]
[8.31746468 8.47693492]
[7.87931476 8.8011153 ]
[9.21221394 8.28627301]
[9.34344552 7.81616402]
[9.8366436  7.70568119]
[10.37436337  6.13998137]
[8.41707588 6.57098432]
[8.87731334 4.83070783]
[9.95923884 5.01916596]
[8.91603848 5.66713141]
[8.91767081 6.88158623]
[8.07343966 7.81963137]
[8.26770024 8.4766136 ]
[7.82194188 8.79604318]
[9.17031828 8.27979635]
[9.3038731  7.81204589]
[9.78721616 7.70176371]
[10.32888361  6.13268015]
[8.36832552 6.56769657]
[8.83773542 4.81182989]
[9.91419215 5.02081726]
[8.86287883 5.66267202]
[8.86807445 6.87776418]
[8.02058633 7.81851847]
[8.21791031 8.47651879]
[7.7645017  8.79090331]
[9.12856896 8.27283057]
[9.26464589 7.80721095]
[9.73798749 7.69797179]
[10.2832833  6.1255841]
[8.319681   6.56487018]
[8.79864275 4.79251348]
[9.86947518 5.02269864]
[8.80966118 5.65800774]
[8.81808217 6.87370216]
[7.96753025 7.81740307]
[8.16820452 8.47652372]
[7.70680877 8.78574485]
[9.08686822 8.26540614]
[9.22562592 7.8018832 ]
[9.68894495 7.69428633]
[10.23758958  6.1186836 ]
[8.27121465 6.56227926]
[8.76015848 4.77278967]
[9.82504494 5.02475335]
[8.75647536 5.65311108]
[8.76790444 6.86960262]
[7.91436229 7.81629035]
[8.11862461 8.47661626]
[7.6488455  8.78062463]
[9.04485291 8.25761037]
[9.18671525 7.79607389]
[9.64005916 7.69070995]
[10.19183073  6.11195463]
[8.22296019 6.55989826]
[8.72238657 4.75265366]
[9.7810721  5.02701325]
[8.7034896  5.64773964]
[8.71775685 6.86542183]
[7.8612102  7.81515221]
[8.06918501 8.47668588]
[7.59062482 8.77554233]
[9.00298673 8.24964821]
[9.14800391 7.78977688]
[9.59134497 7.68725343]
[10.14618697  6.10547131]
[8.17494918 6.55765953]
[8.68527292 4.7320257 ]
[9.73736929 5.02954434]
[8.65067577 5.64186372]
[8.66765556 6.86111213]
[7.80806633 7.8139851 ]
[8.01975811 8.47664185]
[7.53213629 8.77050544]
[8.9611426  8.24148792]
[9.10948472 7.78301578]
[9.54279485 7.68392995]
[10.10080729  6.09928782]
[8.12708369 6.55537608]
[8.6486656  4.71032536]
[9.693537   5.03231078]
[8.59796482 5.63545055]
[8.61760594 6.85664321]
[7.75498075 7.81280496]
[7.97037182 8.47643522]
[7.47352421 8.76554133]
[8.91919888 8.2331656 ]
[9.07078743 7.77584934]
[9.4943382  7.68072136]
[10.05574265  6.0933395 ]
[8.07951649 6.55307023]
[8.6134162  4.68694803]
[9.64954561 5.03507895]
[8.54600686 5.6288382 ]
[8.56753665 6.85200365]
[7.70200616 7.81148191]
[7.92108001 8.47607492]
[7.41478005 8.76066236]
[8.87687297 8.22482735]
[9.03129066 7.76843262]
[9.44583563 7.67758646]
[10.01118946  6.08747319]
[8.03196521 6.55079598]
[8.57867383 4.66187022]
[9.60542635 5.03785038]
[8.49388365 5.6219098 ]
[8.51713692 6.84728681]
[7.64899653 7.80995782]
[7.87184226 8.47557248]
[7.35586383 8.75580619]
[8.83418519 8.21648721]
[8.99104632 7.7607167 ]
[9.39731372 7.67453107]
[9.96712559 6.08166437]
[7.98434323 6.54856417]
[8.54452475 4.63571874]
[9.56118844 5.04022732]
[8.44201727 5.61478239]
[8.46647441 6.84247487]
[7.59592805 7.80830886]
[7.82260314 8.47494173]
[7.2968601  8.75109863]
[8.79109344 8.20817744]
[8.94991379 7.75278695]
[9.3487148  7.67152354]
[9.92359733 6.07581629]
[7.93661527 6.54637476]
[8.51057464 4.60967598]
[9.51688054 5.04205816]
[8.39022289 5.60745599]
[8.41568076 6.83732596]
[7.54275827 7.80658164]
[7.77337174 8.47421051]
[7.23787552 8.746734  ]
[8.74758506 8.19991355]
[8.90783149 7.74470091]
[9.30000686 7.66853148]
[9.88063095 6.06983174]
[7.88872865 6.54422191]
[8.47699667 4.58376939]
[9.47252624 5.04331773]
[8.33863843 5.59969813]
[8.36474409 6.83190156]
[7.48944283 7.80477074]
[7.72422928 8.47338309]
[7.17885542 8.7427062 ]
[8.70364669 8.19171212]
[8.86491316 7.73653923]
[9.25115088 7.66552231]
[9.83819994 6.0636972 ]
[7.84063626 6.54209805]
[8.44404854 4.55783204]
[9.42815368 5.0440018 ]
[8.28726539 5.5916318 ]
[8.31361611 6.82626752]
[7.43593763 7.8028637 ]
[7.67509456 8.47242955]
[7.11976008 8.73897881]
[8.65927741 8.18358406]
[8.82138752 7.72845414]
[9.20212307 7.66247137]
[9.79626406 6.05741364]
[7.79228912 6.53999588]
[8.41191844 4.53182783]
[9.38377875 5.04409929]
[8.23600624 5.58328714]
[8.26237392 6.82069996]
[7.38219756 7.8008472 ]
[7.62593913 8.47133719]
[7.06054625 8.73551736]
[8.61446729 8.17554376]
[8.77732805 7.72055599]
[9.15289397 7.65935558]
[9.75479411 6.0509767 ]
[7.74363923 6.53791232]
[8.38020504 4.50611908]
[9.33940607 5.04359189]
[8.18463404 5.57501619]
[8.2109797  6.81528702]
[7.32818153 7.79871073]
[7.57670313 8.47010178]
[7.00118491 8.73227504]
[8.56919383 8.16758202]
[8.73266437 7.7128702 ]
[9.10343608 7.65615929]
[9.7137757  6.04437093]
[7.69477687 6.53578366]
[8.34819922 4.48106212]
[9.29503631 5.04245275]
[8.13320049 5.56694227]
[8.15939915 6.81003092]
[7.27384787 7.79644428]
[7.52734383 8.46867717]
[6.94179022 8.72930021]
[8.5234319  8.15970237]
[8.68735434 7.70543811]
[9.05371511 7.65285774]
[9.67320123 6.03757512]
[7.64584524 6.53369298]
[8.31560739 4.45679386]
[9.25109186 5.0406954 ]
[8.08165101 5.55905771]
[8.10761814 6.80490849]
[7.21921787 7.79405898]
[7.47781106 8.46705133]
[6.88220584 8.72656469]
[8.47708268 8.15198154]
[8.64136542 7.69828841]
[9.0036957  7.64939748]
[9.63304624 6.03058072]
[7.59675998 6.53162148]
[8.28245756 4.43331611]
[9.20767037 5.03832466]
[8.02996867 5.55135957]
[8.05560375 6.79992707]
[7.1642284  7.79154206]
[7.42805258 8.46521945]
[6.82231413 8.72400995]
[8.43013756 8.14444066]
[8.59467068 7.69144824]
[8.95336681 7.64576902]
[9.5932665  6.02339785]
[7.54757019 6.52951537]
[8.24870182 4.41064626]
[9.16469737 5.0353789 ]
[7.97814767 5.543822  ]
[8.00329368 6.79509757]
[7.10883329 7.78886677]
[7.37801748 8.46316816]
[6.76210303 8.72158852]
[8.38263402 8.13707263]
[8.54730058 7.68492065]
[8.90269805 7.64194723]
[9.55377516 6.01606698]
[7.49828277 6.52732044]
[8.21440138 4.38881642]
[9.12213433 5.031905  ]
[7.92618825 5.53641109]
[7.95067599 6.79041257]
[7.05298352 7.78600191]
[7.32763843 8.46087017]
[6.70152877 8.71926259]
[8.33463768 8.12986574]
[8.49939174 7.67867574]
[8.85184987 7.63818004]
[9.51448441 6.00863469]
[7.44885473 6.52499554]
[8.18016075 4.36810514]
[9.07993744 5.02794642]
[7.87409416 5.52909281]
[7.89783886 6.78571355]
[6.99663812 7.78291723]
[7.27673063 8.45830682]
[6.64054883 8.71700587]
[8.28616542 8.12281168]
[8.45092482 7.67273089]
[8.80078483 7.63449699]
[9.4753141  6.00114681]
[7.39916908 6.52252175]
[8.14594092 4.34837974]
[9.0380623  5.02354507]
[7.8218672  5.52183831]
[7.84480405 6.78093208]
[6.93976096 7.77959083]
[7.22518083 8.45549861]
[6.57913692 8.71480471]
[8.237228   8.11592235]
[8.40192482 7.66709704]
[8.74945751 7.63089168]
[9.43619212 5.99364029]
[7.34905217 6.51988083]
[8.11166743 4.32949007]
[8.99648809 5.01870964]
[7.76948017 5.51462495]
[7.79157536 6.77604017]
[6.88231846 7.77600077]
[7.17310481 8.45244408]
[6.51726687 8.71264928]
[8.18781913 8.10921704]
[8.35244686 7.66167074]
[8.69784644 7.62735266]
[9.3970676  5.98613836]
[7.29847961 6.51704083]
[8.07734356 4.31141403]
[8.95519516 5.0134482 ]
[7.71685615 5.50745047]
[7.73815845 6.77101202]
[6.8242822  7.77212555]
[7.1204513  8.44912312]
[6.45483477 8.71045425]
[8.13792739 8.10279325]
[8.3024777  7.65623407]
[8.64592894 7.62386543]
[9.35787486 5.97867419]
[7.24742108 6.51398113]
[8.04320248 4.29417132]
[8.91419691 5.00777626]
[7.66400896 5.50028611]
[7.68455859 6.7658236 ]
[6.76562651 7.76794553]
[7.06719032 8.44552259]
[6.39170231 8.707993  ]
[8.08759545 8.09665056]
[8.25217898 7.65099108]
[8.59368484 7.62041652]
[9.31857153 5.9712702 ]
[7.19584827 6.51068146]
[8.00939128 4.27779162]
[8.87336543 5.00175017]
[7.61093133 5.49309384]
[7.63116007 6.76034979]
[6.70632808 7.76344103]
[7.01328967 8.4416289 ]
[6.32795457 8.70520031]
[8.03693748 8.09062562]
[8.20151081 7.64597577]
[8.54109321 7.61699154]
[9.27911922 5.96398286]
[7.14374269 6.50712653]
[7.97589525 4.26226785]
[8.83259895 4.99539871]
[7.55804647 5.48571593]
[7.57794047 6.75453825]
[6.6462135  7.75862542]
[6.95872299 8.43742875]
[6.26355594 8.70205409]
[7.98596582 8.08472539]
[8.15048813 7.64117241]
[8.4881356  7.61358234]
[9.23949053 5.95685368]
[7.09154682 6.50319831]
[7.94202169 4.24749671]
[8.79189597 4.9887209 ]
[7.50531623 5.47809213]
[7.5249248  6.74836496]
[6.5851893  7.75351319]
[6.90346829 8.43290493]
[6.19849794 8.69854377]
[7.93483402 8.0789401 ]
[8.09912221 7.63654679]
[8.43494223 7.61018119]
[9.19966913 5.94989696]
[7.039299  6.4988285]
[7.90770573 4.23349512]
[8.75124781 4.98170676]
[7.45275734 5.47017133]
[7.47212492 6.74180839]
[6.52323473 7.74809579]
[6.84817785 8.42801032]
[6.13276699 8.69465909]
[7.88358441 8.07327031]
[8.04740504 7.63211096]
[8.3815631  7.60679292]
[9.15964765 5.94312257]
[6.98678892 6.49395751]
[7.87301334 4.22024271]
[8.71080796 4.97458508]
[7.4002811  5.46201977]
[7.41938861 6.73476563]
[6.46066963 7.74224633]
[6.79253236 8.42256032]
[6.06701626 8.69001972]
[7.83209628 8.06750866]
[7.99603482 7.62749405]
[8.32800939 7.6030959 ]
[9.1194607  5.93701854]
[6.93373728 6.48850124]
[7.83806083 4.20771418]
[8.67074837 4.96760401]
[7.34787956 5.45375454]
[7.36650849 6.72706285]
[6.39796092 7.73574327]
[6.7361261 8.4163567]
[6.00198236 8.6838759 ]
[7.78030724 8.06158766]
[7.94587143 7.62210467]
[8.27426374 7.5985651 ]
[9.07916156 5.93229215]
[6.8802464  6.48244906]
[7.80297776 4.19626595]
[8.6308689  4.96033057]
[7.29554334 5.44534688]
[7.31353356 6.7186729 ]
[6.33498094 7.72855553]
[6.67955174 8.40937485]
[5.93739043 8.67630999]
[7.72823317 8.05550827]
[7.89662243 7.61599344]
[8.22068686 7.59349373]
[9.03901977 5.92858426]
[6.82678412 6.47570498]
[7.76804108 4.18600992]
[8.59126852 4.95283024]
[7.24309403 5.43639237]
[7.26047037 6.70964055]
[6.27173229 7.72071625]
[6.62288872 8.40160401]
[5.87306092 8.66802786]
[7.67593787 8.04941489]
[7.84702939 7.60944341]
[8.16714471 7.58784989]
[8.99923338 5.92614073]
[6.77339692 6.46826157]
[7.73372627 4.17699295]
[8.5519282 4.9451506]
[7.19056988 5.42684488]
[7.20731224 6.70000621]
[6.20810596 7.71229421]
[6.56612871 8.39306128]
[5.80884256 8.65922754]
[7.62355507 8.04345759]
[7.7973458  7.60243787]
[8.11364962 7.58164704]
[8.95968355 5.92491857]
[6.72003163 6.46009839]
[7.69980912 4.16913455]
[8.51285671 4.93716306]
[7.13811554 5.41680298]
[7.15437466 6.69000605]
[6.14424303 7.7039065 ]
[6.50925049 8.38373518]
[5.7445309  8.64963691]
[7.57109403 8.03744455]
[7.74745951 7.5950315 ]
[8.06012232 7.57484061]
[8.92035725 5.92495391]
[6.66664205 6.45138612]
[7.66617581 4.16236997]
[8.47438585 4.92920254]
[7.08621607 5.4064458 ]
[7.10199031 6.67965152]
[6.08052503 7.69605534]
[6.45240186 8.37406782]
[5.68035097 8.63950897]
[7.51860049 8.03135056]
[7.69742927 7.58761758]
[8.00657068 7.56740983]
[8.88126271 5.92628713]
[6.61339254 6.44237765]
[7.6328484  4.15675001]
[8.43665663 4.92152354]
[7.03481133 5.39572092]
[7.05001953 6.66894393]
[6.01701277 7.68887152]
[6.39579557 8.36480562]
[5.61598977 8.6291559 ]
[7.46612112 8.0251025 ]
[7.647274   7.58024028]
[7.95299894 7.55933652]
[8.84239063 5.92895039]
[6.55998254 6.43348134]
[7.59975799 4.15209967]
[8.39960179 4.91415492]
[6.98395719 5.38460595]
[6.99856834 6.6578516 ]
[5.95373298 7.68217697]
[6.33932633 8.35596056]
[5.55157025 8.6191449 ]
[7.41393673 8.01864444]
[7.5971335  7.57289119]
[7.89939728 7.5505885 ]
[8.80372227 5.93293878]
[6.50637139 6.42478861]
[7.56689428 4.14846902]
[8.36322066 4.90714176]
[6.93368207 5.37306646]
[6.94765427 6.64633773]
[5.89087015 7.67602199]
[6.28308834 8.34756537]
[5.48704461 8.609596  ]
[7.36212424 8.01202763]
[7.54682002 7.56560994]
[7.84581293 7.54125679]
[8.76549107 5.93729924]
[6.45254485 6.41625037]
[7.53437712 4.14571187]
[8.32740495 4.90051836]
[6.88394933 5.36129639]
[6.89715179 6.6346337 ]
[5.82877281 7.67013631]
[6.22700539 8.33947471]
[5.42206118 8.6005405 ]
[7.31056138 8.00514376]
[7.49634797 7.55837952]
[7.79243076 7.53199822]
[8.72750242 5.9419629 ]
[6.39847127 6.40745972]
[7.50211718 4.14367178]
[8.2915625  4.89423608]
[6.83413929 5.34950298]
[6.84647445 6.6228185 ]
[5.76562843 7.66401579]
[6.16991204 8.33055252]
[5.35405781 8.59203839]
[7.25823083 7.99732076]
[7.4455753  7.55116575]
[7.73815841 7.52188021]
[8.68896857 5.94665306]
[6.34416121 6.39840611]
[7.46970279 4.14243842]
[8.25574972 4.88834999]
[6.78409539 5.33805293]
[6.79560433 6.61128224]
[5.70177495 7.65760703]
[6.1121509  8.32076674]
[5.28391996 8.58431451]
[7.20544561 7.98862169]
[7.3946047  7.54367887]
[7.68341887 7.51120076]
[8.65144119 5.95094931]
[6.28964753 6.38908406]
[7.43706741 4.14209133]
[8.22076836 4.88256448]
[6.733845   5.32701762]
[6.74446541 6.60015209]
[5.6368147  7.65108009]
[6.05372896 8.31045152]
[5.21306853 8.57745126]
[7.15265948 7.97939164]
[7.34352952 7.53549078]
[7.6282874  7.50037017]
[8.61473527 5.95471939]
[6.23480608 6.37952239]
[7.40426423 4.14267944]
[8.18644473 4.87684729]
[6.6838488 5.3162393]
[6.69331312 6.58935702]
[5.57007292 7.64431277]
[5.99494882 8.29997689]
[5.14203274 8.5718515 ]
[7.10004886 7.97029158]
[7.29237349 7.52664368]
[7.57317999 7.48933431]
[8.57895381 5.9585334 ]
[6.17988384 6.36965704]
[7.3713762  4.14364236]
[8.15158837 4.87190588]
[6.63416909 5.30539536]
[6.642382   6.57872447]
[5.50107956 7.63680178]
[5.93557531 8.28943972]
[5.07131502 8.5679778 ]
[7.04753246 7.9612687 ]
[7.24114044 7.51711259]
[7.51818427 7.47797628]
[8.54401587 5.96238702]
[6.12539695 6.35938872]
[7.33855561 4.14460977]
[8.11640902 4.86803968]
[6.58473605 5.29489306]
[6.59169749 6.56850561]
[5.42963067 7.62863497]
[5.87632786 8.27870289]
[5.0012622  8.56620393]
[6.99514539 7.95232343]
[7.19033191 7.50801065]
[7.46358942 7.46657845]
[8.50882003 5.96651959]
[6.07150207 6.34906838]
[7.30585436 4.14567271]
[8.0807822  4.86519636]
[6.53547889 5.28472509]
[6.54131241 6.55893366]
[5.3569762  7.62014552]
[5.81734762 8.26766793]
[4.93110815 8.56570355]
[6.94284516 7.94344294]
[7.13979236 7.49927289]
[7.40944078 7.4553052 ]
[8.47338601 5.97097034]
[6.01798576 6.33882955]
[7.27332936 4.14677659]
[8.04499085 4.86342908]
[6.48672494 5.27522244]
[6.49129305 6.55015261]
[5.28390851 7.61101379]
[5.75860829 8.25658809]
[4.86145846 8.56671544]
[6.89060541 7.93445487]
[7.08957296 7.49088132]
[7.35570629 7.44416328]
[8.43778866 5.97567206]
[5.96466772 6.32887596]
[7.24100229 4.14789444]
[8.00931625 4.86274801]
[6.43865638 5.26663263]
[6.44155508 6.54209377]
[5.21112654 7.6026756 ]
[5.70009925 8.24555337]
[4.79337975 8.56967226]
[6.83850434 7.92541476]
[7.03964762 7.48284227]
[7.3023606  7.43319705]
[8.40202519 5.98066176]
[5.91159661 6.31921433]
[7.20868012 4.14912625]
[7.97385493 4.86310235]
[6.39110682 5.25878437]
[6.39197831 6.5348053 ]
[5.13844792 7.59516762]
[5.64131778 8.23459225]
[4.72722441 8.57433918]
[6.78678578 7.91667532]
[6.99005302 7.47524813]
[7.24947744 7.42250241]
[8.36622362 5.98659453]
[5.85925986 6.31033187]
[7.17646614 4.15049331]
[7.93857455 4.8644552 ]
[6.34400916 5.25149333]
[6.34294472 6.52859186]
[5.06600463 7.58845567]
[5.58262878 8.22461552]
[4.66272399 8.58058007]
[6.73567382 7.90853346]
[6.94072183 7.46800513]
[7.1971734  7.41237168]
[8.33035471 5.99342719]
[5.80756491 6.30266829]
[7.14431781 4.15198983]
[7.90334987 4.8666915 ]
[6.29740911 5.24472898]
[6.29434672 6.52319105]
[4.99431166 7.58323999]
[5.52432018 8.21589974]
[4.60007431 8.58819699]
[6.68498133 7.90092196]
[6.89177463 7.46134776]
[7.14546166 7.4024589 ]
[8.29455061 6.0012987 ]
[5.75624113 6.29638149]
[7.11222302 4.15361946]
[7.86844611 4.86967097]
[6.25128395 5.23846642]
[6.246208   6.51854554]
[4.92394885 7.5799708 ]
[5.46660047 8.20853226]
[4.53952048 8.59713847]
[6.63474619 7.89383655]
[6.8434849 7.4556426]
[7.09442849 7.3924651 ]
[8.25889578 6.01003686]
[5.70527334 6.29147562]
[7.08017139 4.15539537]
[7.83382235 4.87335024]
[6.20562995 5.23269253]
[6.19887636 6.51508514]
[4.85483373 7.57863902]
[5.40934738 8.20267676]
[4.48095741 8.6067529 ]
[6.58494555 7.88726484]
[6.79574258 7.45082414]
[7.04402606 7.38252971]
[8.22369558 6.01922766]
[5.65326213 6.28524692]
[7.04791257 4.15725851]
[7.79735066 4.87768024]
[6.15975444 5.22614754]
[6.15048815 6.51063292]
[4.78525431 7.57780251]
[5.35031765 8.19606556]
[4.42311035 8.61722716]
[6.53476538 7.88030487]
[6.74782229 7.4453392 ]
[6.99409709 7.37265368]
[8.18640203 6.02781581]
[5.60056837 6.27749096]
[7.01550714 4.1592364 ]
[7.7594792  4.88278217]
[6.11389289 5.21883466]
[6.10185436 6.50560424]
[4.71649084 7.57774889]
[5.29012838 8.18853008]
[4.36606282 8.62859568]
[6.48438348 7.87293478]
[6.70010337 7.43946374]
[6.94471628 7.36272239]
[8.14752016 6.03601033]
[5.54715403 6.26828722]
[6.98297864 4.16138449]
[7.7201129  4.88855698]
[6.06801852 5.21075171]
[6.05279363 6.49973803]
[4.64841698 7.57884835]
[5.22884787 8.1803089 ]
[4.30944142 8.64114892]
[6.43388826 7.86514553]
[6.65269178 7.43341223]
[6.89588255 7.35274388]
[8.10700577 6.04370399]
[5.49310558 6.25786336]
[6.95030906 4.16372204]
[7.68019088 4.89507607]
[6.0219939  5.20189049]
[6.00343873 6.49305017]
[4.58102766 7.58108013]
[5.16676966 8.17203204]
[4.25319297 8.65474447]
[6.38325807 7.85696106]
[6.60542431 7.42723422]
[6.84749843 7.34259474]
[8.06511847 6.05101812]
[5.43842846 6.24639786]
[6.91745084 4.16625192]
[7.63955916 4.90221666]
[5.97572159 5.1926273 ]
[5.9540981  6.48581532]
[4.51430225 7.58414194]
[5.10409481 8.16363135]
[4.19813817 8.66931411]
[6.33276179 7.84868965]
[6.55829742 7.42094118]
[6.79957618 7.33229561]
[8.02189769 6.05789138]
[5.3831157  6.23415804]
[6.88437671 4.16895846]
[7.59825378 4.90994326]
[5.92907418 5.18311987]
[5.90473447 6.47793629]
[4.44820703 7.58795785]
[5.04093441 8.15508081]
[4.14477264 8.68506936]
[6.28222817 7.84017171]
[6.51130726 7.41452845]
[6.75210487 7.32183991]
[7.97740482 6.06428495]
[5.32732207 6.22166986]
[6.85105018 4.171825  ]
[7.55625641 4.91818866]
[5.88207327 5.17332762]
[5.85539427 6.46945135]
[4.38348753 7.59224669]
[4.9772428  8.14644186]
[4.09298395 8.70205583]
[6.23169281 7.83142664]
[6.46444226 7.40798953]
[6.70507133 7.311225  ]
[7.93171168 6.07010782]
[5.27100727 6.20897124]
[6.81744482 4.17484032]
[7.5136537  4.92685267]
[5.83473282 5.16321168]
[5.80612269 6.46039601]
[4.31998212 7.59688689]
[4.91292909 8.13805218]
[4.04268352 8.72023776]
[6.181142   7.82245669]
[6.4176958  7.40132319]
[6.65846893 7.30045281]
[7.88487431 6.0753547 ]
[5.21404618 6.19620523]
[6.78353577 4.17799319]
[7.47042171 4.9358716 ]
[5.78702102 5.15263564]
[5.75690487 6.45079636]
[4.25709058 7.6017388 ]
[4.84827644 8.13026016]
[3.99379909 8.73962218]
[6.13060543 7.81321407]
[6.37105864 7.39452793]
[6.6123005  7.28952958]
[7.83695406 6.080019  ]
[5.15639372 6.18347219]
[6.74930187 4.18127124]
[7.42657209 4.94519397]
[5.73886114 5.1413955 ]
[5.70777673 6.44064925]
[4.19496051 7.60714117]
[4.7838102  8.12325327]
[3.94619578 8.76026704]
[6.08007395 7.8037148 ]
[6.32462595 7.38734301]
[6.56655257 7.27845578]
[7.78801033 6.08409972]
[5.09804721 6.17083361]
[6.71473722 4.18465158]
[7.38210718 4.95476589]
[5.69031942 5.12951592]
[5.65873124 6.42998073]
[4.13358354 7.61313492]
[4.71933421 8.11708403]
[3.89979008 8.78215323]
[6.02954228 7.79397441]
[6.27839007 7.37978824]
[6.52120223 7.26723119]
[7.73810462 6.08759581]
[5.03901211 6.15833432]
[6.679827 4.188117]
[7.33704236 4.96453453]
[5.64142125 5.11701806]
[5.60976077 6.41882114]
[4.07300978 7.61974763]
[4.65461909 8.11158323]
[3.85441531 8.80467297]
[5.97905349 7.78394674]
[6.23234576 7.37187798]
[6.47632873 7.25585919]
[7.68730479 6.09050961]
[4.97927942 6.14601557]
[6.6444643  4.19162799]
[7.29136558 4.97443815]
[5.59211806 5.10393722]
[5.56083314 6.40721601]
[4.01359134 7.62718439]
[4.58952996 8.1066332 ]
[3.80948839 8.82717963]
[5.92860228 7.77363304]
[6.18648286 7.36362666]
[6.43191561 7.24434448]
[7.63586725 6.0932905 ]
[4.91883714 6.13392412]
[6.60890065 4.19523333]
[7.2452371  4.98457086]
[5.5422972  5.09038282]
[5.51182403 6.39512165]
[3.95523444 7.63548501]
[4.52411251 8.10225967]
[3.76493304 8.84957016]
[5.87816971 7.76306808]
[6.1407882  7.35505294]
[6.38791991 7.23275189]
[7.58387596 6.09610832]
[4.85772432 6.12209221]
[6.5730712  4.19892081]
[7.19864014 4.994888  ]
[5.49200798 5.07636795]
[5.46267044 6.38290802]
[3.89787407 7.64439699]
[4.45837575 8.09852862]
[3.72072114 8.87187784]
[5.82773253 7.75229116]
[6.09524592 7.34618544]
[6.3442704  7.22115447]
[7.5313847  6.09894387]
[4.79596645 6.11054304]
[6.5369766  4.20270256]
[7.15162284 5.00565619]
[5.44126256 5.06188464]
[5.41333261 6.37067701]
[3.84138871 7.6535862 ]
[4.39233428 8.09553395]
[3.67674716 8.89416261]
[5.77733941 7.7413565 ]
[6.04984304 7.3370415 ]
[6.30097361 7.20954712]
[7.47843616 6.10178622]
[4.73359383 6.09931997]
[6.50060612 4.20658403]
[7.10420286 5.01691594]
[5.39024541 5.04710259]
[5.36372385 6.35855956]
[3.78570971 7.66299455]
[4.32605273 8.09283822]
[3.63297197 8.91645373]
[5.72699223 7.73030201]
[6.00458321 7.32762389]
[6.2580267  7.19793164]
[7.42507632 6.10462456]
[4.67077792 6.08859515]
[6.46394585 4.21056324]
[7.05639604 5.02862916]
[5.33926149 5.03196445]
[5.31384791 6.34659479]
[3.73082387 7.67263   ]
[4.25957869 8.09042604]
[3.58936182 8.93884344]
[5.67666873 7.71915291]
[5.95945239 7.31794749]
[6.2152343  7.18637384]
[7.3713482  6.10744913]
[4.60754792 6.07841252]
[6.42697849 4.214627  ]
[7.00822369 5.04075229]
[5.28874381 5.01668846]
[5.2636897 6.3348119]
[3.67655989 7.68251922]
[4.19324344 8.08814783]
[3.54586138 8.9613967 ]
[5.62635126 7.70793584]
[5.91443475 7.30803169]
[6.17257171 7.17488946]
[7.31729787 6.11025169]
[4.54393018 6.06873775]
[6.3897142  4.21877764]
[6.95970694 5.05323944]
[5.2388972  5.00137065]
[5.21327417 6.32321513]
[3.62280006 7.69264113]
[4.12727566 8.08602134]
[3.50236258 8.98397403]
[5.57601538 7.69667486]
[5.86951832 7.29788925]
[6.13004841 7.16347493]
[7.26296237 6.11302479]
[4.47999802 6.05960719]
[6.35215398 4.22304016]
[6.91100065 5.06606616]
[5.18970082 4.98601332]
[5.16255356 6.31181645]
[3.5695175  7.70299408]
[4.06231949 8.08455074]
[3.45879736 9.00650691]
[5.52565696 7.68526244]
[5.82469482 7.2875345 ]
[6.08767222 7.15212971]
[7.20839117 6.11567995]
[4.41575948 6.05109492]
[6.31429853 4.22742057]
[6.86213926 5.07919802]
[5.14116353 4.97079075]
[5.11149891 6.30064019]
[3.51648664 7.71356216]
[3.99842993 8.08397456]
[3.41511855 9.02900944]
[5.47529754 7.67360108]
[5.7799578  7.27698312]
[6.04545399 7.14085445]
[7.15361487 6.118199  ]
[4.35160281 6.04326071]
[6.27615373 4.23191727]
[6.81319319 5.09236748]
[5.09325783 4.9559221 ]
[5.06009462 6.28970736]
[3.46369997 7.72445471]
[3.93554778 8.08438767]
[3.37127723 9.05156054]
[5.42497378 7.66172858]
[5.73528376 7.26623289]
[6.00340617 7.1295893 ]
[7.09866535 6.12058348]
[4.28764416 6.03614475]
[6.23772554 4.23652853]
[6.7641929  5.10540259]
[5.04566486 4.94166512]
[5.00832762 6.27904659]
[3.41097917 7.73573756]
[3.87363681 8.08584153]
[3.32727553 9.07433712]
[5.37467758 7.6496393 ]
[5.69067069 7.25529571]
[5.96154914 7.11827676]
[7.04357255 6.12283552]
[4.22386582 6.02983535]
[6.19899651 4.24124337]
[6.71514311 5.11829004]
[4.99795677 4.92828511]
[4.95618224 6.2686742 ]
[3.3582868  7.74747267]
[3.81265328 8.08836644]
[3.28336136 9.0975159 ]
[5.32439123 7.63730274]
[5.64611696 7.24418358]
[5.9198907  7.10692429]
[6.98831181 6.12499072]
[4.16029465 6.02451547]
[6.160066   4.24603214]
[6.66606056 5.13101699]
[4.95022559 4.9157546 ]
[4.90364676 6.25860605]
[3.30587544 7.75975215]
[3.75228905 8.09191205]
[3.23957596 9.12114239]
[5.27400484 7.62505051]
[5.60172049 7.23290872]
[5.87859364 7.095593  ]
[6.93289265 6.12707396]
[4.09723272 6.02037745]
[6.12099184 4.25087066]
[6.61695902 5.14356975]
[4.9024042  4.90399442]
[4.85071022 6.24885747]
[3.25344897 7.77262145]
[3.6924113  8.09653154]
[3.19539122 9.14518299]
[5.22346498 7.61304824]
[5.55749319 7.22151995]
[5.83767862 7.0843038 ]
[6.87734882 6.12909103]
[4.03467016 6.01749087]
[6.08177939 4.2557627 ]
[6.56786112 5.15593629]
[4.8544066  4.89280322]
[4.79735674 6.23945127]
[3.20099469 7.7861054 ]
[3.63294185 8.10230669]
[3.15088717 9.16969122]
[5.17275928 7.60133016]
[5.51342536 7.2100314 ]
[5.79713218 7.0730617 ]
[6.82171389 6.131047  ]
[3.97256356 6.01582875]
[6.04247766 4.26072503]
[6.51877963 5.16811511]
[4.80603517 4.88171529]
[4.74357308 6.23041207]
[3.14848594 7.80023427]
[3.57386126 8.10930477]
[3.10625297 9.19478906]
[5.12188737 7.58992347]
[5.46951722 7.19846126]
[5.75696418 7.06186807]
[6.76601832 6.13294632]
[3.91086901 6.0154461 ]
[6.00311091 4.26576816]
[6.46973483 5.18010202]
[4.75709864 4.87088334]
[4.68934599 6.22176284]
[3.09575585 7.81512979]
[3.51504619 8.11758273]
[3.06144369 9.22058714]
[5.07084342 7.57885416]
[5.42576663 7.18682637]
[5.71717942 7.05072456]
[6.71030089 6.13479429]
[3.84953186 6.01633386]
[5.96369    4.27090227]
[6.42074827 5.19188986]
[4.70807265 4.86025771]
[4.63466261 6.21352614]
[3.0431627  7.83077794]
[3.45640142 8.12718703]
[3.01642619 9.24706834]
[5.01962221 7.56814796]
[5.38217081 7.17514284]
[5.6777937  7.03963227]
[6.65460299 6.13659502]
[3.78823346 6.01837354]
[5.92422875 4.27613981]
[6.37184048 5.20347297]
[4.65896562 4.84981353]
[4.57951043 6.20572371]
[2.99095836 7.84720429]
[3.39809789 8.13816511]
[2.9713246  9.27403312]
[4.96823965 7.55783861]
[5.33881448 7.16343768]
[5.63881784 7.02859236]
[6.59894106 6.13835194]
[3.72699617 6.02159128]
[5.88474092 4.28149496]
[6.32303268 5.21484703]
[4.6097249  4.83956053]
[4.52387458 6.19837746]
[2.93907584 7.86450054]
[3.34049611 8.1504458 ]
[2.9261187 9.3011628]
[4.91669596 7.5479531 ]
[5.29574247 7.1517307 ]
[5.60030305 7.01753528]
[6.54333214 6.14005541]
[3.66579052 6.02601861]
[5.84524228 4.28697866]
[6.27434767 5.22600778]
[4.5603697  4.82948726]
[4.46773485 6.19150738]
[2.88757554 7.8827356 ]
[3.28398195 8.16395001]
[2.8808001  9.32840771]
[4.86498469 7.53851511]
[5.25291928 7.13996409]
[5.56245216 7.00651401]
[6.48778039 6.14163685]
[3.60564462 6.03156109]
[5.8055066  4.29251183]
[6.22581734 5.23693859]
[4.51091401 4.81955693]
[4.41107068 6.18513487]
[2.83673078 7.90195462]
[3.2284514  8.17870472]
[2.83535384 9.35578394]
[4.81309952 7.52955047]
[5.21032294 7.12821515]
[5.52532859 6.99554995]
[6.43232182 6.14311637]
[3.54662722 6.03829505]
[5.7652335 4.2981032]
[6.17748313 5.24761341]
[4.46137448 4.80975172]
[4.35386113 6.17929171]
[2.78654442 7.92200422]
[3.17394962 8.19477623]
[2.78963736 9.38316872]
[4.76103547 7.52109616]
[5.16803776 7.11627534]
[5.48893985 6.98465371]
[6.37698803 6.14451072]
[3.48868374 6.04624459]
[5.72460189 4.303761  ]
[6.12941555 5.25798851]
[4.41176922 4.80002229]
[4.29611116 6.17398395]
[2.7363506  7.94281075]
[3.11999329 8.21218975]
[2.7435405  9.41075405]
[4.70885784 7.51310501]
[5.12611193 7.10408209]
[5.45323305 6.97386816]
[6.32207983 6.14586556]
[3.43175624 6.05542701]
[5.68356922 4.30949317]
[6.08166168 5.26804282]
[4.36212186 4.79027386]
[4.23838841 6.16910103]
[2.68631777 7.96428352]
[3.06629344 8.2309566 ]
[2.69723734 9.4386562 ]
[4.65670963 7.50539295]
[5.08453733 7.09170985]
[5.41822137 6.96324881]
[6.26762282 6.14716231]
[3.37578887 6.06587583]
[5.6421505  4.31532686]
[6.03414778 5.27754487]
[4.31237747 4.78048818]
[4.18071033 6.16451404]
[2.63656357 7.98642671]
[3.01319867 8.25138968]
[2.65095538 9.46706089]
[4.60460941 7.49798009]
[5.04336539 7.07936542]
[5.38390149 6.9528203 ]
[6.21331677 6.14790091]
[3.32070115 6.0775936 ]
[5.60026818 4.32125896]
[5.98657954 5.28577932]
[4.26255596 4.77065004]
[4.12319878 6.16020703]
[2.58717866 8.0093013 ]
[2.96043724 8.27343842]
[2.60479782 9.49604447]
[4.55304914 7.49080758]
[5.00239918 7.06738268]
[5.35024321 6.9425649 ]
[6.15928695 6.14811645]
[3.26641018 6.09057666]
[5.55796754 4.32730254]
[5.93907969 5.2927479 ]
[4.21271638 4.76065615]
[4.06607219 6.15622483]
[2.53826307 8.0330669 ]
[2.90795463 8.29705446]
[2.55883754 9.52563026]
[4.50197647 7.48387927]
[4.96160095 7.05584377]
[5.31722407 6.93245323]
[6.10540424 6.14751572]
[3.21263715 6.10474536]
[5.51523564 4.33346133]
[5.89166641 5.29845162]
[4.16282273 4.75043005]
[4.00959975 6.15253289]
[2.48986268 8.05789121]
[2.8558535 8.3218856]
[2.51312812 9.55590687]
[4.45139645 7.47725952]
[4.92105471 7.04435102]
[5.28471927 6.92248914]
[6.0517953  6.14600478]
[3.15918759 6.12006064]
[5.47194242 4.33978112]
[5.84437751 5.30287775]
[4.11287805 4.73991511]
[3.9537465  6.14915522]
[2.44206016 8.08384816]
[2.80423306 8.34796356]
[2.46761166 9.5869592 ]
[4.40130898 7.47094916]
[4.88075743 7.0329215 ]
[5.25164997 6.91324127]
[5.99851913 6.14318839]
[3.10561526 6.13640233]
[5.42808209 4.34631576]
[5.79724672 5.30601842]
[4.06288675 4.72905173]
[3.89861606 6.14608448]
[2.39477206 8.11081871]
[2.75323446 8.37532986]
[2.42225868 9.61881539]
[4.35167717 7.46495914]
[4.84057537 7.02152348]
[5.21818714 6.90462193]
[5.94562302 6.13908808]
[3.05186377 6.1533939 ]
[5.38383324 4.35308827]
[5.75029159 5.30791014]
[4.01289955 4.71782024]
[3.84428402 6.1432506 ]
[2.34792826 8.13878105]
[2.70287424 8.40353632]
[2.37680624 9.65149411]
[4.30251638 7.45924724]
[4.80051686 7.01017101]
[5.18434941 6.89654064]
[5.89313433 6.13383598]
[2.99817602 6.17066228]
[5.33926631 4.36006158]
[5.70353391 5.30858505]
[3.96293881 4.70618237]
[3.79059182 6.1406865 ]
[2.30153941 8.16772258]
[2.65370209 8.43215381]
[2.33121879 9.68496142]
[4.25381867 7.45380886]
[4.76055194 6.99887006]
[5.15017997 6.88891327]
[5.84121512 6.1276675 ]
[2.94448414 6.18798261]
[5.29444863 4.367159  ]
[5.65698929 5.30807694]
[3.91308571 4.69419768]
[3.73751501 6.13811072]
[2.255687   8.19765086]
[2.60580099 8.46112123]
[2.2855033  9.71923975]
[4.20555595 7.44864096]
[4.72073004 6.98766616]
[5.11570735 6.88168439]
[5.7898778  6.12063924]
[2.89100087 6.20528427]
[5.24947267 4.37427275]
[5.61068001 5.30642304]
[3.86337152 4.68193402]
[3.6850777  6.13551279]
[2.21029409 8.22849428]
[2.55889281 8.490195  ]
[2.24008077 9.7541788 ]
[4.15769168 7.44374593]
[4.68113987 6.97662068]
[5.0809786  6.87480477]
[5.73913339 6.11281668]
[2.83749071 6.22256616]
[5.20437362 4.38137505]
[5.56462694 5.30357647]
[3.813781   4.66905339]
[3.63326387 6.13289093]
[2.16468265 8.25962243]
[2.51271716 8.51922097]
[2.1953532  9.78963856]
[4.11021031 7.43912218]
[4.64172405 6.96572157]
[5.046012   6.86821499]
[5.68897706 6.10426589]
[2.78389549 6.23982021]
[5.15920446 4.38844291]
[5.51887387 5.29931692]
[3.76487155 4.65574594]
[3.58206789 6.13024204]
[2.1188297  8.29090977]
[2.46702181 8.54813824]
[2.15071726 9.82516919]
[4.06309533 7.43476456]
[4.60247492 6.9549742 ]
[5.01087764 6.86186782]
[5.63933349 6.09532275]
[2.73020607 6.25705514]
[5.11400377 4.39545548]
[5.47344502 5.29372456]
[3.71647383 4.642041  ]
[3.53147546 6.12756437]
[2.07349115 8.32205434]
[2.42144518 8.57671009]
[2.10599031 9.8605385 ]
[4.01632927 7.43066855]
[4.56337152 6.94436459]
[4.97561746 6.8557868 ]
[5.59019621 6.08600985]
[2.67641154 6.27428967]
[5.06880001 4.40239662]
[5.42849358 5.28700337]
[3.66828844 4.62789951]
[3.48147764 6.12484613]
[2.02845381 8.35284051]
[2.37591183 8.60495333]
[2.06126787 9.89572889]
[3.9698949  7.42686045]
[4.52441383 6.93387191]
[4.94027628 6.85000673]
[5.54155031 6.07637242]
[2.62282508 6.2912281 ]
[5.02342869 4.40902108]
[5.38401974 5.27924642]
[3.62032234 4.61330898]
[3.4321876  6.12197938]
[1.98364953 8.38322041]
[2.33040974 8.63285849]
[2.01675476 9.9306495 ]
[3.92377246 7.4233658 ]
[4.48560976 6.92363794]
[4.90485737 6.84439801]
[5.49341307 6.06654088]
[2.56970047 6.30817423]
[4.97830459 4.4156153 ]
[5.33998844 5.27065251]
[3.57258515 4.59826073]
[3.38349363 6.11902224]
[1.93911026 8.41308731]
[2.28479413 8.66032221]
[1.97259622 9.96533663]
[3.87800897 7.42034855]
[4.44690815 6.91364115]
[4.86937654 6.83886419]
[5.445762   6.05654483]
[2.51744752 6.32521826]
[4.93356539 4.42214667]
[5.29636948 5.26140824]
[3.52510014 4.58272182]
[3.33538789 6.11621112]
[1.8947078  8.44239576]
[2.23907632 8.68738815]
[1.92857763 9.99963383]
[3.83258946 7.41783215]
[4.40830421 6.90387857]
[4.83396176 6.83344853]
[5.39851958 6.04644946]
[2.46600856 6.34239514]
[4.88917132 4.42861881]
[5.25314948 5.25154798]
[3.47794435 4.56670287]
[3.2878852  6.11367601]
[1.85027175 8.47116619]
[2.19340125 8.71426422]
[ 1.88454495 10.03337295]
[3.78750363 7.41579733]
[4.36979537 6.89434171]
[4.79858959 6.8280417 ]
[5.3516941  6.03627037]
[2.41530861 6.35962383]
[4.8452378  4.43503087]
[5.21032843 5.24113839]
[3.43116333 4.55032885]
[3.2409615  6.11137575]
[1.8057771  8.49941288]
[2.14778235 8.74098287]
[ 1.84047703 10.06655971]
[3.7427458  7.41422941]
[4.33138443 6.88502502]
[4.76328784 6.82265085]
[5.30528408 6.02591325]
[2.36511924 6.37659268]
[4.8017855  4.44138154]
[5.16792407 5.23026853]
[3.38467321 4.53355803]
[3.19459584 6.10930832]
[1.76122896 8.52719388]
[2.1022179  8.76756823]
[ 1.79636867 10.09921726]
[3.69830917 7.41311312]
[4.29306468 6.87592543]
[4.72803002 6.81730034]
[5.25943469 6.01514478]
[2.31532256 6.39321171]
[4.75879035 4.44766994]
[5.12591253 5.21895286]
[3.33844782 4.51637957]
[3.14870479 6.10756161]
[1.71652275 8.55462792]
[2.05671135 8.79404159]
[ 1.75221781 10.13137335]
[3.6541857  7.41243684]
[4.25483343 6.86703286]
[4.6927805  6.81204429]
[5.21411319 6.00405023]
[2.26582558 6.40947596]
[4.71624492 4.45379636]
[5.08428433 5.20721082]
[3.29247111 4.4988111 ]
[3.10286859 6.10623264]
[1.67180131 8.58186694]
[2.01129497 8.82044748]
[ 1.70800267 10.16300632]
[3.61038012 7.4121798 ]
[4.21665721 6.85830656]
[4.65757583 6.80686632]
[5.169292  5.9926563]
[2.21655615 6.42543006]
[4.67397091 4.4596046 ]
[5.04302134 5.19507282]
[3.24672903 4.48086568]
[3.05714385 6.10530519]
[1.62711024 8.60901103]
[1.96596539 8.84680869]
[ 1.66371779 10.19413286]
[3.5669669  7.41229899]
[4.17854646 6.84973623]
[4.62242486 6.80176132]
[5.12494766 5.98099573]
[2.16750001 6.44114438]
[4.63200286 4.46511548]
[5.00218324 5.18244926]
[3.20120985 4.46255326]
[3.01139897 6.104809  ]
[1.58233405 8.63602167]
[1.92073105 8.87313883]
[ 1.61943065 10.22485364]
[3.52401264 7.41274848]
[4.14049726 6.84130932]
[4.58733991 6.79672394]
[5.08105488 5.96909755]
[2.11874946 6.45657543]
[4.59034343 4.47010646]
[4.96177603 5.16934787]
[3.15591047 4.4438764 ]
[2.9656139  6.10474839]
[1.53741777 8.66269513]
[1.87564047 8.89943388]
[ 1.57526603 10.255331  ]
[3.4814732  7.41349378]
[4.10250954 6.83301767]
[4.55233879 6.79174463]
[5.03760846 5.95698808]
[2.07030906 6.47174582]
[4.5491336  4.47450175]
[4.92179124 5.15579674]
[3.1107419 4.4247903]
[2.91977016 6.10512927]
[1.49235388 8.68903256]
[1.83068932 8.92571422]
[ 1.53122179 10.28558499]
[3.4393125  7.41447975]
[4.0646458  6.82482685]
[4.51743801 6.78681161]
[4.994598   5.94469387]
[2.02218113 6.48666641]
[4.50847462 4.47847255]
[4.8822441  5.14184306]
[3.06570733 4.40529868]
[2.87384874 6.10595939]
[1.4471405  8.71504852]
[1.78587399 8.9519994 ]
[ 1.48724348 10.31562681]
[3.39751715 7.41569999]
[4.02697646 6.81675579]
[4.4826519  6.78191524]
[4.95201263 5.93223942]
[1.97439901 6.50135993]
[4.4684167  4.48207377]
[4.84312958 5.12766337]
[3.02079834 4.3854071 ]
[2.82794528 6.10715287]
[1.40177267 8.74076303]
[1.74118141 8.97831156]
[ 1.44329365 10.34546403]
[3.35606794 7.41714463]
[3.98943173 6.80876447]
[4.44799845 6.77704701]
[4.90983037 5.91964693]
[1.92699739 6.51587534]
[4.42912657 4.48543542]
[4.80441141 5.11324144]
[2.97600728 4.36512602]
[2.78207746 6.10868906]
[1.35624048 8.76620101]
[1.69659019 9.00467587]
[ 1.39935484 10.37510512]
[3.31494922 7.4188005 ]
[3.95208444 6.80082403]
[4.41349703 6.77219857]
[4.86802493 5.90693674]
[1.87981507 6.53028691]
[4.39052096 4.48855797]
[4.76607799 5.09859007]
[2.93131442 4.34445352]
[2.73623    6.11052747]
[1.31053779 8.79139124]
[1.65209445 9.03108501]
[ 1.35540455 10.40448531]
[3.2741373  7.42064569]
[3.91492481 6.79292466]
[4.37916642 6.76736189]
[4.82656369 5.89412879]
[1.83286031 6.54464408]
[4.35258991 4.49145857]
[4.72804897 5.08372855]
[2.88667926 4.32336103]
[2.69039743 6.11266427]
[1.26463775 8.81633003]
[1.60768219 9.05756106]
[ 1.31141467 10.43358482]
[3.23361495 7.4226572 ]
[3.87795198 6.78505602]
[4.3449994  6.76252126]
[4.78540331 5.88124047]
[1.78613909 6.55895766]
[4.31530764 4.49414937]
[4.69029687 5.06866652]
[2.84209936 4.30186479]
[2.64456971 6.11509593]
[1.21852113 8.84104121]
[1.56332592 9.08404119]
[ 1.26736226 10.46240889]
[3.19336971 7.42482263]
[3.84116381 6.77720909]
[4.31100743 6.75766828]
[4.74452507 5.86843637]
[1.73964933 6.5732459 ]
[4.27865581 4.49663902]
[4.65280452 5.05340176]
[2.79757297 4.27998982]
[2.59867931 6.11777868]
[1.17217682 8.86556669]
[1.51907776 9.11045993]
[ 1.2232252  10.49095717]
[3.15336911 7.42713283]
[3.80455952 6.76937568]
[4.2772207  6.75278966]
[4.70382937 5.85570142]
[1.69339037 6.58752431]
[4.24260133 4.49898268]
[4.61553462 5.03796061]
[2.7531175 4.2577786]
[2.55278447 6.120765  ]
[1.12559648 8.88992188]
[1.47491579 9.13684366]
[ 1.17898227 10.51922627]
[3.11360721 7.42957895]
[3.76813809 6.76154819]
[4.24364974 6.74788064]
[4.66327667 5.84305418]
[1.6471827  6.60178124]
[4.20713377 4.50120043]
[4.5784462  5.02236653]
[2.7087255  4.23523337]
[2.50681132 6.12402998]
[1.07875869 8.91405109]
[1.4308241 9.1632127]
[ 1.13461072 10.5472139 ]
[3.074078   7.43215292]
[3.73190918 6.75372867]
[4.21030498 6.74293826]
[4.62287218 5.83051276]
[1.60095063 6.61607996]
[4.1722416  4.50325165]
[4.54145439 5.00660813]
[2.6644002  4.21242698]
[2.46066417 6.12749129]
[1.03164279 8.93812348]
[1.38670717 9.18966007]
[ 1.09000056 10.57497176]
[3.03473503 7.43477911]
[3.69588041 6.74589364]
[4.1771807  6.73795697]
[4.58248589 5.8180495 ]
[1.55464069 6.63050276]
[4.13773544 4.50515309]
[4.50447385 4.99068096]
[2.62013717 4.18944821]
[2.41431422 6.13107705]
[0.98422049 8.96232567]
[1.34241549 9.21629385]
[ 1.04499263 10.60256895]
[2.99553415 7.43736596]
[3.66004694 6.73799435]
[4.14427272 6.73293326]
[4.54209628 5.80569709]
[1.50827082 6.64503162]
[4.10366276 4.50690989]
[4.46753215 4.97457751]
[2.575924   4.16627628]
[2.36776888 6.13478638]
[0.93648978 8.98660824]
[1.29797501 9.24308067]
[ 0.99960006 10.62996902]
[2.95650613 7.43993382]
[3.62442873 6.73004446]
[4.11159758 6.72786652]
[4.50174715 5.79345445]
[1.4618892  6.65964385]
[4.07001876 4.50851482]
[4.4306272  4.95829042]
[2.531773   4.14290505]
[2.32102898 6.13861387]
[0.888457   9.01092266]
[1.25339483 9.27000707]
[ 0.95381256 10.65713708]
[2.9176574  7.44249325]
[3.58903   6.7220488]
[4.07915499 6.72275844]
[4.46143056 5.78130951]
[1.41549673 6.67434774]
[4.03679962 4.5099788 ]
[4.3937648  4.94181374]
[2.48771407 4.11944798]
[2.27409733 6.14256397]
[0.84014623 9.0352404 ]
[1.20868779 9.29705573]
[ 0.90762288 10.68403515]
[2.8789996  7.44505753]
[3.55385917 6.71401415]
[4.04698737 6.71761865]
[4.42114165 5.76925206]
[1.36907342 6.68919203]
[4.00377898 4.51156014]
[4.35707377 4.92520731]
[2.44373608 4.09604322]
[2.22697823 6.14664153]
[0.79168244 9.05959666]
[1.16381928 9.32417848]
[ 0.86107326 10.71060953]
[2.84054478 7.44763932]
[3.51892506 6.7059478 ]
[4.0151102  6.71247162]
[4.38091207 5.75728085]
[1.32259103 6.70418239]
[3.97101691 4.5132157 ]
[4.32058121 4.90856587]
[2.39981595 4.07269103]
[2.17963033 6.15087728]
[0.74304337 9.08397587]
[1.11878663 9.35135237]
[ 0.81430882 10.73697252]
[2.80230807 7.45025033]
[3.48424157 6.69786046]
[3.98352816 6.70731838]
[4.34077056 5.74536527]
[1.2760357  6.71932208]
[3.93850804 4.51494849]
[4.28425035 4.89189162]
[2.35602106 4.04927616]
[2.13198692 6.15530819]
[0.69422464 9.10838094]
[1.07357575 9.37858282]
[ 0.76731616 10.76316729]
[2.76428931 7.45288779]
[3.44981661 6.68974964]
[3.95223056 6.70216135]
[4.30073258 5.73340686]
[1.22939405 6.73461819]
[3.90629216 4.51675645]
[4.24806612 4.87519562]
[2.31237549 4.02571034]
[2.08403724 6.15993876]
[0.6451302  9.13250261]
[1.02817932 9.40586169]
[ 0.72010338 10.78921353]
[2.72648663 7.45555263]
[3.41570294 6.68162015]
[3.92121956 6.6970019 ]
[4.26083206 5.72140244]
[1.18265665 6.75009798]
[3.87432478 4.5186166 ]
[4.21197453 4.85850165]
[2.26884019 4.00200364]
[2.03578179 6.16478319]
[0.59570287 9.15624097]
[0.98256005 9.43316599]
[ 0.67266642 10.81500868]
[2.68892249 7.45824324]
[3.38200345 6.67349656]
[3.89054305 6.69184546]
[4.22114334 5.70934108]
[1.13583552 6.76578576]
[3.84262175 4.52050293]
[4.17597964 4.84180483]
[2.22539141 3.97815945]
[1.987216   6.16986528]
[0.54592023 9.17954959]
[0.93670336 9.4604875 ]
[ 0.62499738 10.84049028]
[2.65160503 7.46090816]
[3.34875509 6.66538315]
[3.86020773 6.68669209]
[4.18179183 5.69725784]
[1.08894454 6.78168809]
[3.81118297 4.52241025]
[4.14013033 4.82513861]
[2.18202847 3.95418449]
[1.93833384 6.17521408]
[0.495837   9.20229894]
[0.89059767 9.48749944]
[ 0.5770568  10.86566178]
[2.61453969 7.46349093]
[3.31595609 6.6572755 ]
[3.83021221 6.68154761]
[4.14279606 5.68513783]
[1.04199183 6.79779216]
[3.78001022 4.52432754]
[4.10445737 4.80852376]
[2.13873897 3.93009415]
[1.88911319 6.18082342]
[0.4454485  9.22442739]
[0.84419714 9.51408293]
[ 0.52883592 10.89048173]
[2.57772856 7.46599163]
[3.283611   6.64917011]
[3.80055386 6.67642011]
[4.10414734 5.67296503]
[0.99490455 6.81407813]
[3.74910422 4.52624615]
[4.0690555  4.79199905]
[2.09556084 3.90593976]
[1.839785   6.18667733]
[0.39473863 9.24589902]
[0.79746154 9.54020776]
[ 0.48035793 10.9148956 ]
[2.54111786 7.46841017]
[3.25172201 6.64106274]
[3.77123124 6.67131639]
[4.06584236 5.66072653]
[0.94767503 6.83051108]
[3.71861061 4.52789249]
[4.0339148 4.7755589]
[2.05253689 3.88177903]
[1.79038183 6.19275558]
[0.34374119 9.26661353]
[0.75039593 9.56581951]
[ 0.43164555 10.93883392]
[2.50469513 7.47075421]
[3.2202839  6.63294748]
[3.74224136 6.66624799]
[4.02787242 5.64840822]
[0.90054426 6.84678614]
[3.68846521 4.52928254]
[3.99898895 4.75918839]
[2.00996698 3.85791938]
[1.74102739 6.19888234]
[0.29253798 9.28617036]
[0.70325873 9.59051665]
[ 0.38284459 10.96188567]
[2.46845077 7.473103  ]
[3.1891836 6.6247884]
[3.71354798 6.66130032]
[3.99014647 5.63602901]
[0.85351423 6.86290299]
[3.65868896 4.53041418]
[3.96436403 4.74297325]
[1.96764369 3.83437423]
[1.69169471 6.20506797]
[0.24109996 9.30455513]
[0.65601563 9.61431328]
[ 0.33388587 10.9840249 ]
[2.43238221 7.4754548 ]
[3.15846694 6.61659366]
[3.68516978 6.65646675]
[3.95262284 5.6236356 ]
[0.80654824 6.87858497]
[3.62938866 4.53133623]
[3.93024312 4.72727794]
[1.9255231  3.81110352]
[1.64241567 6.21128781]
[0.189426   9.32173845]
[0.60867692 9.63726091]
[ 0.28476705 11.0052062 ]
[2.39634517 7.47772859]
[3.12813316 6.60835977]
[3.65711705 6.6517481 ]
[3.9153131  5.61121976]
[0.75954104 6.89341581]
[3.60042272 4.53204683]
[3.89653782 4.71198292]
[1.88355929 3.78812802]
[1.59320263 6.21752517]
[0.13750896 9.33768243]
[0.56122628 9.65921351]
[ 0.23548398 11.02540807]
[2.36033331 7.47991178]
[3.09819208 6.60008549]
[3.62939785 6.64714814]
[3.87822485 5.59877832]
[0.71249309 6.90728575]
[3.5717322  4.53255768]
[3.86329459 4.69711625]
[1.84172738 3.76546974]
[1.5440543  6.22378026]
[0.08534117 9.35235689]
[0.51367248 9.6801423 ]
[ 0.1860638  11.04456756]
[2.32434891 7.48201148]
[3.06865224 6.5917643 ]
[3.60202444 6.6426768 ]
[3.84137826 5.58631246]
