[5.09653 6.2432 ]
[5.03463 7.05426]
[5.46794 7.56352]
[5.34414 8.29912]
[4.10611 8.52546]
[3.81724 7.50694]
[3.75534 6.13004]
[3.17759 6.62044]
[2.90936 5.48874]
[2.66175 6.09231]
[2.39351 7.11084]
[1.87767 7.48807]
[2.18718 8.12937]
[2.97126 7.88417]
[5.1378 6.2432]
[5.0759  7.05426]
[5.50921 7.56352]
[5.3854  8.28026]
[4.14738 8.52546]
[3.85851 7.50694]
[3.79661 6.13004]
[3.21886 6.62044]
[2.95062 5.48874]
[2.70302 6.09231]
[2.43478 7.11084]
[1.91894 7.48807]
[2.22844 8.12937]
[3.01252 7.88417]
[5.16243169 6.23948084]
[5.11208814 7.05226248]
[5.53844503 7.56830523]
[5.41541364 8.30245438]
[4.20407325 8.53225427]
[3.89895994 7.50604626]
[3.82672435 6.1180563 ]
[3.26174661 6.62233217]
[3.0201161  5.49751427]
[2.76110076 6.09147779]
[2.48855521 7.11478112]
[1.99656203 7.50109801]
[2.29563616 8.13979404]
[3.05703856 7.88812918]
[5.18711821 6.23799705]
[5.15017592 7.05176944]
[5.56855861 7.57456537]
[5.45555476 8.31698673]
[4.24600728 8.5374274 ]
[3.94039358 7.50555572]
[3.86487312 6.11603377]
[3.30437919 6.62419757]
[3.06139499 5.49583706]
[2.81327697 6.08947596]
[2.53649885 7.12007066]
[2.05566956 7.51533294]
[2.35413335 8.15160276]
[3.09995992 7.892662  ]
[5.21313632 6.23519186]
[5.18698886 7.04999137]
[5.59895687 7.58013818]
[5.49276584 8.3321754 ]
[4.3018649  8.54273001]
[3.98146746 7.50484737]
[3.89792326 6.10602101]
[3.34926272 6.62733113]
[3.13064455 5.50520203]
[2.8667673  6.08909249]
[2.58715644 7.12565508]
[2.12406474 7.5326713 ]
[2.41426093 8.16352933]
[3.14576468 7.89774012]
[5.23877294 6.2327328 ]
[5.22462103 7.04875616]
[5.62984426 7.58655608]
[5.52910629 8.34693315]
[4.34682231 8.54805827]
[4.02383724 7.5047084 ]
[3.93651804 6.10282204]
[3.39432717 6.63155999]
[3.17351371 5.50439242]
[2.92089642 6.08956923]
[2.63726773 7.13184549]
[2.18930066 7.55066491]
[2.47446558 8.17542475]
[3.19242684 7.90375678]
[5.26465959 6.22969845]
[5.26218387 7.04665335]
[5.66138507 7.59262482]
[5.56424013 8.36072502]
[4.40190448 8.55404468]
[4.06651039 7.50422442]
[3.97264591 6.09454423]
[3.44126571 6.63718992]
[3.24839899 5.51283306]
[2.97482396 6.09106745]
[2.68828495 7.13860896]
[2.25619708 7.56935189]
[2.5356832  8.18773535]
[3.24098887 7.90995614]
[5.29041198 6.2268561 ]
[5.3003135  7.04450016]
[5.6933536  7.59937738]
[5.59817237 8.37447095]
[4.44950757 8.55929618]
[4.10965183 7.50395744]
[4.01170109 6.09067282]
[3.48923223 6.6441153 ]
[3.29328165 5.5107387 ]
[3.02893995 6.09351381]
[2.73914033 7.14606598]
[2.32232094 7.58791054]
[2.59481278 8.19989839]
[3.29064634 7.91643226]
[5.3162423  6.22366335]
[5.33887494 7.04137265]
[5.7259299  7.60622776]
[5.6319714  8.38732835]
[4.50400122 8.56532016]
[4.15309692 7.50376343]
[4.05074683 6.0855209 ]
[3.53904934 6.65161496]
[3.36776962 5.51753086]
[3.08207968 6.09707657]
[2.79103746 7.15349674]
[2.38802537 7.605934  ]
[2.65318698 8.21155261]
[3.34248019 7.92250595]
[5.34187711 6.22063549]
[5.37784646 7.037856  ]
[5.75862621 7.6127033 ]
[5.66537036 8.39976263]
[4.55308185 8.57002728]
[4.19792819 7.50259694]
[4.09055827 6.08092349]
[3.58693427 6.65736894]
[3.41579221 5.51597089]
[3.13706814 6.1019185 ]
[2.84295395 7.15982587]
[2.45360892 7.62312277]
[2.71052792 8.22188793]
[3.39360284 7.92763055]
[5.36763542 6.21752905]
[5.41760184 7.03370911]
[5.7908597 7.6181757]
[5.69874987 8.4114405 ]
[4.6077767 8.5752334]
[4.24437759 7.49994297]
[4.13076669 6.07558873]
[3.63568877 6.6622233 ]
[3.48886621 5.52298455]
[3.19142521 6.10718632]
[2.89619194 7.16472845]
[2.51853281 7.63946886]
[2.7676554  8.23059884]
[3.44466489 7.93074523]
[5.39345334 6.21456928]
[5.45798582 7.02949094]
[5.82251086 7.62319637]
[5.73188468 8.42319037]
[4.65813971 8.57907207]
[4.29243688 7.49594216]
[4.17149899 6.07024537]
[3.68264125 6.66521564]
[3.53770027 5.52024311]
[3.24698752 6.11385679]
[2.94967671 7.16858692]
[2.58260331 7.65475971]
[2.82446674 8.23790616]
[3.49439432 7.93253488]
[5.41952079 6.21163032]
[5.49919431 7.02496051]
[5.85380275 7.62726415]
[5.76526277 8.43556308]
[4.71363763 8.58351368]
[4.34214534 7.4905213 ]
[4.21359917 6.06426881]
[3.73046277 6.66715051]
[3.60979479 5.52993241]
[3.30169288 6.11968959]
[3.00390745 7.17145668]
[2.64610468 7.66890628]
[2.88097997 8.24401891]
[3.54334198 7.93332595]
[5.44584841 6.20891127]
[5.54052523 7.0203682 ]
[5.8848895  7.63063945]
[5.79938387 8.44835112]
[4.76471066 8.58684617]
[4.39321197 7.48392521]
[4.25623963 6.05783098]
[3.77602014 6.6668833 ]
[3.65724282 5.52624244]
[3.35550037 6.12580175]
[3.05767696 7.17366691]
[2.70839784 7.68203627]
[2.93667662 8.2489073 ]
[3.59231824 7.93391179]
[5.4726133  6.20622065]
[5.58193004 7.01540516]
[5.91617969 7.63308155]
[5.83448754 8.46148593]
[4.82116781 8.59114627]
[4.44589738 7.47607593]
[4.30029272 6.05096687]
[3.82184169 6.66538812]
[3.72779917 5.53801834]
[3.40869571 6.13164012]
[3.11075493 7.1758879 ]
[2.76933028 7.69367745]
[2.99184064 8.25261815]
[3.64073141 7.93463153]
[5.49979572 6.20372195]
[5.62296889 7.01051629]
[5.94774686 7.63515133]
[5.87016859 8.47469398]
[4.87239455 8.59399504]
[4.49943474 7.46733949]
[4.34474845 6.04323134]
[3.86703661 6.66224104]
[3.77362406 5.53483613]
[3.46128933 6.13679327]
[3.16351504 7.17817155]
[2.82881066 7.70372485]
[3.04654578 8.25576769]
[3.6896094  7.93578141]
[5.52760973 6.20129154]
[5.66371585 7.00547468]
[5.97981201 7.63643589]
[5.90573638 8.48661336]
[4.93053479 8.59791879]
[4.5540154  7.45790442]
[4.39054358 6.03540944]
[3.91316362 6.65724041]
[3.8418384  5.54717396]
[3.5125073  6.14092858]
[3.21596464 7.18076586]
[2.88755359 7.71233245]
[3.10092635 8.25874966]
[3.73900439 7.93768857]
[5.55594434 6.19952679]
[5.70407024 7.00054663]
[6.01229649 7.63739561]
[5.94122769 8.49717028]
[4.98190906 8.60063866]
[4.60819046 7.44832764]
[4.43674094 6.02728144]
[3.95949933 6.65120514]
[3.88802189 5.54636511]
[3.56302881 6.14381795]
[3.26764672 7.1835635 ]
[2.94501843 7.71945287]
[3.15533667 8.26151245]
[3.78859203 7.93971186]
[5.58525631 6.19828428]
[5.74433607 6.99674514]
[6.04533503 7.63766033]
[5.9771126  8.50611786]
[5.04122351 8.60385894]
[4.66401208 7.43930718]
[4.48402125 6.01926312]
[4.0079424  6.64460112]
[3.95386165 5.55735206]
[3.61220828 6.145733  ]
[3.31863881 7.18653267]
[3.00251673 7.72558953]
[3.20933636 8.26473882]
[3.83924933 7.94147857]
[5.61557538 6.19761081]
[5.78482822 6.99404311]
[6.07862857 7.63774834]
[6.0130252  8.51397461]
[5.09465753 8.60669683]
[4.71802186 7.43087035]
[4.53067343 6.01150887]
[4.05570065 6.63665953]
[4.00190342 5.55769015]
[3.65892921 6.14630524]
[3.36907943 7.19001949]
[3.05894528 7.73192334]
[3.26284999 8.2681319 ]
[3.89059024 7.94202645]
[5.64690629 6.19760456]
[5.82590064 6.99282957]
[6.11238422 7.63735046]
[6.05007046 8.52050009]
[5.15307864 8.6088966 ]
[4.77447223 7.42329754]
[4.57964964 6.00415841]
[4.10547016 6.62959472]
[4.06463923 5.56713047]
[3.70453807 6.14618567]
[3.41843469 7.19433173]
[3.11500103 7.73882537]
[3.31568751 8.27203323]
[3.94177469 7.94075948]
[5.67900347 6.19779569]
[5.86754019 6.99251513]
[6.14630748 7.63693969]
[6.08797218 8.52628584]
[5.20882034 8.61149323]
[4.82930772 7.41755479]
[4.62720803 5.9965093 ]
[4.15407279 6.62213597]
[4.11616338 5.56757602]
[3.75088306 6.14481661]
[3.46690922 7.19935264]
[3.17058321 7.74607901]
[3.36775924 8.27646561]
[3.99372382 7.93820136]
[5.71114781 6.19846934]
[5.90983296 6.9936043 ]
[6.18067596 7.63625247]
[6.12691815 8.53127891]
[5.26652419 8.61367993]
[4.88577129 7.41312914]
[4.67783803 5.98924023]
[4.20392576 6.61569046]
[4.17641359 5.57421602]
[3.79735811 6.14310899]
[3.51472619 7.20520288]
[3.22616498 7.75292556]
[3.41956864 8.28182811]
[4.04696237 7.93568478]
[5.74373613 6.19944993]
[5.95272115 6.99578956]
[6.2153086  7.63539905]
[6.16651466 8.53619485]
[5.32335763 8.61587789]
[4.94090936 7.41021886]
[4.72638867 5.98140533]
[4.25378839 6.609361  ]
[4.23070673 5.57602887]
[3.84433461 6.1407926 ]
[3.56283398 7.21187924]
[3.28213135 7.75989797]
[3.47059455 8.28765695]
[4.1015233  7.93300738]
[5.77695681 6.20078513]
[5.99617366 6.99893579]
[6.2505845  7.63451098]
[6.20659997 8.54073893]
[5.38057019 8.61756256]
[4.99668036 7.40857441]
[4.77886658 5.97405167]
[4.3050147  6.60359494]
[4.2908009  5.58062962]
[3.89127725 6.13804211]
[3.61076372 7.21961648]
[3.3381976  7.76678183]
[3.52134684 8.29480475]
[4.15692989 7.92991463]
[5.81082071 6.20250073]
[6.03931389 7.00365705]
[6.28721643 7.63469407]
[6.2467863  8.54482821]
[5.43719259 8.61894711]
[5.0508574  7.40801816]
[4.82933245 5.96646566]
[4.35692461 6.59806475]
[4.34796732 5.58265409]
[3.93908527 6.13554311]
[3.65899933 7.22795644]
[3.39441378 7.77384215]
[3.57233044 8.30302901]
[4.21312029 7.92683744]
[5.84575466 6.2046598 ]
[6.0825414  7.00968561]
[6.32500533 7.63607728]
[6.28704145 8.54855407]
[5.49373392 8.62019069]
[5.10617193 7.4080399 ]
[4.8840847  5.95887578]
[4.41023684 6.59317516]
[4.40922308 5.58566336]
[3.98763102 6.13311018]
[3.70740098 7.23709192]
[3.45049752 7.7811869 ]
[3.62380109 8.31251273]
[4.27059302 7.9239344 ]
[5.88170645 6.20743081]
[6.12596068 7.01658781]
[6.36325495 7.63794952]
[6.32784587 8.55209413]
[5.54946888 8.62117992]
[5.16133959 7.40839116]
[4.93647013 5.95143231]
[4.46417757 6.58887456]
[4.46792824 5.58749791]
[4.03742465 6.13089753]
[3.75639672 7.24655321]
[3.50703713 7.78883351]
[3.67482992 8.32272977]
[4.32854958 7.92155137]
[5.91868125 6.2108286 ]
[6.16953159 7.02434809]
[6.40193587 7.639952  ]
[6.36869429 8.55531614]
[5.60434589 8.62192808]
[5.21738498 7.40906848]
[4.99350373 5.94367327]
[4.51944022 6.58527656]
[4.53074774 5.58931352]
[4.08845698 6.12861262]
[3.80570163 7.25576079]
[3.56414795 7.79713796]
[3.72557468 8.33371515]
[4.38815283 7.91921723]
[5.95666041 6.21481891]
[6.21324026 7.03317854]
[6.44107964 7.64239601]
[6.4098361  8.55832348]
[5.65850925 8.62299706]
[5.2727579  7.41003994]
[5.04718665 5.93690157]
[4.57661301 6.58165895]
[4.59089061 5.59095634]
[4.14085069 6.12616338]
[3.85613313 7.26421497]
[3.62173458 7.80584513]
[3.7769197  8.34479206]
[4.44798986 7.91766992]
[5.9952156  6.21936207]
[6.25755499 7.04302506]
[6.48047296 7.64509222]
[6.45078342 8.56105659]
[5.71198326 8.62406148]
[5.32808509 7.4115875 ]
[5.10611162 5.92926654]
[4.636234   6.57791952]
[4.65421997 5.59213669]
[4.19426875 6.12357531]
[3.90741446 7.27167278]
[3.67970035 7.81462909]
[3.82900583 8.35424865]
[4.50895301 7.91598724]
[6.03448656 6.22429022]
[6.30249551 7.05401512]
[6.52042744 7.64816682]
[6.49147858 8.5637071 ]
[5.76476889 8.62528687]
[5.38310995 7.41353093]
[5.16089769 5.9234325 ]
[4.69754302 6.57446737]
[4.71548469 5.59365593]
[4.25002267 6.1207094 ]
[3.95958852 7.27799609]
[3.73766374 7.82307673]
[3.88238541 8.36250525]
[4.57031855 7.9146794 ]
[6.07437589 6.22966298]
[6.34837681 7.06600867]
[6.56078714 7.65187921]
[6.5321519 8.5661805]
[5.81650311 8.62668655]
[5.43770756 7.41578459]
[5.22074917 5.91625809]
[4.76039027 6.57111401]
[4.77916567 5.59450642]
[4.30807205 6.1177968 ]
[4.01249553 7.28337489]
[3.79511009 7.83121556]
[3.93641353 8.36960983]
[4.6324982  7.91331876]
[6.114908   6.23550953]
[6.39516979 7.07896175]
[6.60143713 7.65621731]
[6.57264039 8.56842525]
[5.86710859 8.62834991]
[5.49178154 7.41833618]
[5.27726323 5.91125356]
[4.82276864 6.56775404]
[4.84148721 5.59581665]
[4.36658348 6.11430119]
[4.06549608 7.287613  ]
[3.85231317 7.83889371]
[3.99106755 8.37533082]
[4.6952245  7.91163295]
[6.15614333 6.24183542]
[6.44306688 7.09261142]
[6.64228771 7.66121047]
[6.61338079 8.57062658]
[5.91676622 8.63003635]
[5.54530502 7.42109682]
[5.33686348 5.90443697]
[4.88665835 6.5636204 ]
[4.90595587 5.59676086]
[4.42385771 6.11052   ]
[4.11857716 7.29109003]
[3.90919812 7.84614087]
[4.04627733 8.3801135 ]
[4.75859562 7.90991798]
[6.19815977 6.24874987]
[6.49225054 7.10677619]
[6.68314504 7.66690048]
[6.65399491 8.57272916]
[5.96557481 8.63153499]
[5.59829127 7.42397973]
[5.39421896 5.89927542]
[4.94958973 6.55938906]
[4.96924533 5.59814721]
[4.48043224 6.10677981]
[4.17158656 7.29413983]
[3.96585988 7.85289716]
[4.10132805 8.38436142]
[4.82233808 7.90889305]
[6.24107829 6.25619319]
[6.54251328 7.12172343]
[6.72397412 7.67323048]
[6.69468354 8.57483912]
[6.01373899 8.63301521]
[5.65094923 7.42693372]
[5.4534176 5.8927584]
[5.01266158 6.55409477]
[5.03398038 5.5989827 ]
[4.53620351 6.10284831]
[4.22447615 7.29687242]
[4.02254912 7.85931192]
[4.1563981  8.38798379]
[4.88651757 7.90806162]
[6.28476227 6.26410955]
[6.59399135 7.1373824 ]
[6.76479103 7.68016635]
[6.73527119 8.57691832]
[6.06123704 8.63456814]
[5.70321984 7.42998693]
[5.51132015 5.88735218]
[5.07533592 6.54825749]
[5.09775194 5.59999612]
[4.59207962 6.09877536]
[4.27743023 7.29911057]
[4.07903037 7.86522214]
[4.21135135 8.39126175]
[4.950815   7.90750106]
[6.32919752 6.27242468]
[6.64631141 7.15356906]
[6.80617769 7.68761077]
[6.77587444 8.57909983]
[6.1079432  8.63641129]
[5.75511297 7.43309717]
[5.57029199 5.88120294]
[5.13815356 6.54132185]
[5.16237563 5.60039615]
[4.64824863 6.09452226]
[4.33060405 7.3009532 ]
[4.13550426 7.87014827]
[4.26626818 8.39399468]
[5.0151485  7.90697516]
[6.37448871 6.28107005]
[6.6990092  7.17007833]
[6.84761607 7.69569808]
[6.81632483 8.58145642]
[6.15400416 8.63858396]
[5.80666668 7.43618225]
[5.62812119 5.87600553]
[5.20125089 6.5337221 ]
[5.22582533 5.60069851]
[4.70514991 6.09081662]
[4.38405945 7.30257914]
[4.19214673 7.87475649]
[4.32106218 8.39637544]
[5.07907176 7.90647077]
[6.42076245 6.29015372]
[6.75186595 7.18664028]
[6.88939987 7.7043426 ]
[6.85657089 8.5840248 ]
[6.19935769 8.64096805]
[5.85750575 7.43906895]
[5.68614392 5.87078797]
[5.26376695 6.52554951]
[5.28963396 5.60038461]
[4.76236864 6.08746115]
[4.43765393 7.30434951]
[4.2489417  7.87946203]
[4.37626493 8.39873397]
[5.14222809 7.90587019]
[6.46803186 6.2997205 ]
[6.80463158 7.20308194]
[6.93111422 7.71368099]
[6.89665416 8.58666721]
[6.24396809 8.64310751]
[5.90794463 7.44199649]
[5.74325219 5.8662286 ]
[5.32515169 6.51644252]
[5.35213219 5.60003391]
[4.81918961 6.08395423]
[4.49124003 7.3062583 ]
[4.30479251 7.88419495]
[4.43155348 8.40128976]
[5.20459199 7.90519089]
[6.5162274  6.30968458]
[6.85708463 7.21924862]
[6.97294872 7.72354284]
[6.93651116 8.58941948]
[6.28777151 8.6448112 ]
[5.95810357 7.44503243]
[5.80003218 5.86191003]
[5.38540368 6.50685409]
[5.4144034  5.59931922]
[4.87556367 6.08035536]
[4.54404003 7.30830101]
[4.36016777 7.88888304]
[4.48592952 8.40439432]
[5.2657333  7.90440051]
[6.56517173 6.31992958]
[6.90907392 7.23511883]
[7.01453477 7.73390307]
[6.97617892 8.59230514]
[6.33092494 8.64602148]
[6.00789372 7.44819713]
[5.85584573 5.85803816]
[5.44445653 6.49699919]
[5.47509453 5.5983362 ]
[4.93140217 6.07648233]
[4.59647062 7.31050655]
[4.41481246 7.89416323]
[4.53951603 8.40783897]
[5.32550357 7.90400549]
[6.6146969  6.33052849]
[6.96018972 7.25066608]
[7.05601158 7.7444248 ]
[7.01558532 8.59536234]
[6.37360574 8.64674434]
[6.05717692 7.45140244]
[5.9109862  5.85441248]
[5.50192384 6.48691053]
[5.5348182  5.59675987]
[4.98632584 6.07247321]
[4.6485734  7.31356841]
[4.46877073 7.89968528]
[4.5923646  8.41151773]
[5.38422331 7.90387199]
[6.66472282 6.34148624]
[7.01013146 7.26576932]
[7.09654354 7.75412337]
[7.05475262 8.59867862]
[6.41578843 8.64678907]
[6.10585737 7.45433404]
[5.96508944 5.8512739 ]
[5.55812627 6.47613294]
[5.59249903 5.59510019]
[5.04047844 6.0682007 ]
[4.70032932 7.31753228]
[4.52159384 7.90546912]
[4.64439666 8.41555846]
[5.44196117 7.90420714]
[6.71484428 6.35294622]
[7.0586531  7.28065828]
[7.13683419 7.76287105]
[7.09331134 8.60212957]
[6.45758825 8.64616878]
[6.15364929 7.45711643]
[6.01825799 5.84854857]
[5.61287024 6.46492529]
[5.64842766 5.59319764]
[5.09390889 6.06381082]
[4.75184446 7.32226689]
[4.57339804 7.91147834]
[4.69549833 8.42033375]
[5.49867601 7.90489278]
[6.7649353  6.36497728]
[7.10573453 7.29540735]
[7.1763425  7.77082787]
[7.13137876 8.60562198]
[6.49899581 8.64503633]
[6.20054959 7.45967042]
[6.07016164 5.84627056]
[5.6665425 6.4535242]
[5.70232684 5.59146795]
[5.14676489 6.05921388]
[4.80275616 7.32762074]
[4.62381227 7.91770028]
[4.7459008  8.42564348]
[5.5538766  7.90590193]
[6.81481125 6.37750119]
[7.15166532 7.309932  ]
[7.21551243 7.77789418]
[7.16892878 8.60915877]
[6.54001647 8.64353552]
[6.24673721 7.46201993]
[6.12098202 5.84448766]
[5.71886673 6.44233009]
[5.75409167 5.58966685]
[5.19927516 6.05479232]
[4.85303139 7.33333811]
[4.6727433  7.92382328]
[4.795843   8.43154635]
[5.60767688 7.90715594]
[6.86441316 6.39056308]
[7.19681936 7.32428363]
[7.25407052 7.78428559]
[7.20596206 8.61283771]
[6.5807634 8.6417542]
[6.29238958 7.46420107]
[6.17036789 5.8432894 ]
[5.77262525 6.43205787]
[5.80373245 5.58818726]
[5.25112867 6.05019633]
[4.90301433 7.33903976]
[4.72093992 7.9297461 ]
[4.84522404 8.43759695]
[5.65999457 7.90867209]
[6.91368516 6.40403159]
[7.24139768 7.33838367]
[7.29224247 7.78996103]
[7.24253179 8.61666258]
[6.62124007 8.63968741]
[6.33758786 7.46624658]
[6.21850644 5.84286216]
[5.82520793 6.42124016]
[5.85164244 5.5872888 ]
[5.30216896 6.04527353]
[4.9522734  7.34456592]
[4.7689369  7.93559428]
[4.89382341 8.44350297]
[5.71079662 7.91051706]
[6.96268134 6.41783821]
[7.28555554 7.35230046]
[7.32974738 7.79508448]
[7.27858581 8.62065561]
[6.66162244 8.63720524]
[6.38220583 7.46830056]
[6.26523072 5.84317755]
[5.8779449  6.40917778]
[5.89756841 5.58699868]
[5.35242698 6.04004046]
[5.00091568 7.34978946]
[4.81657785 7.94126495]
[4.94215199 8.44927899]
[5.76014218 7.91274572]
[7.0114403  6.43205248]
[7.3294599  7.36602876]
[7.36716609 7.80004499]
[7.31414029 8.62478336]
[6.70192443 8.63419957]
[6.42633006 7.47035819]
[6.31074373 5.84420234]
[5.92862266 6.3966009 ]
[5.94248676 5.5872445 ]
[5.40196792 6.03427262]
[5.04916635 7.35480777]
[4.86364407 7.94647793]
[4.99047159 8.45508285]
[5.8080598  7.91523191]
[7.06045478 6.44661832]
[7.37296687 7.37954597]
[7.40436071 7.80457845]
[7.34910701 8.62892131]
[6.74302476 8.63118854]
[6.47014008 7.47203737]
[6.35547369 5.84578839]
[5.98060171 6.38459606]
[5.98658016 5.58843942]
[5.45415776 6.02725232]
[5.09832402 7.35921185]
[4.91185703 7.9519353 ]
[5.03994598 8.46026632]
[5.85608249 7.91761392]
[7.10994861 6.46167653]
[7.41619649 7.39267236]
[7.44150728 7.80862294]
[7.3835518  8.63311297]
[6.78479169 8.62786414]
[6.51355891 7.47319385]
[6.39936664 5.84794532]
[6.03121826 6.37298889]
[6.03013669 5.59072787]
[5.50705815 6.01926096]
[5.14855918 7.3637406 ]
[4.96163028 7.95737464]
[5.09080039 8.46552441]
[5.90403693 7.9197639 ]
[7.16000106 6.47725821]
[7.45918238 7.40545304]
[7.47812068 7.81216495]
[7.41738015 8.63734274]
[6.82739978 8.62427029]
[6.5566187 7.4737953]
[6.44246564 5.85057716]
[6.0824704  6.36188638]
[6.0736605 5.5938172]
[5.562367   6.01094956]
[5.19957187 7.36826467]
[5.01333909 7.96309933]
[5.14209528 8.47079635]
[5.95150845 7.9217219 ]
[7.21106156 6.49355322]
[7.50189695 7.41792305]
[7.51455808 7.81501636]
[7.45062015 8.64161455]
[6.87088646 8.62030523]
[6.59935297 7.47403149]
[6.48484743 5.85362942]
[6.13119904 6.35044406]
[6.1168955  5.59767734]
[5.61664146 6.00402657]
[5.25117219 7.37289632]
[5.0666109  7.96916739]
[5.19469591 8.47624148]
[5.99846332 7.92333566]
[7.26284841 6.51104794]
[7.54441161 7.43019244]
[7.55043286 7.81716602]
[7.48427702 8.64578141]
[6.91518424 8.61587645]
[6.64178453 7.47390274]
[6.52623217 5.85712117]
[6.17969289 6.33901219]
[6.16023473 5.60237294]
[5.67205678 5.99701029]
[5.30348239 7.3775026 ]
[5.12124656 7.97644824]
[5.24831268 8.48225362]
[6.04486156 7.92447728]
[7.31550046 6.52948773]
[7.58662739 7.44224475]
[7.5859763  7.81871666]
[7.51748282 8.64981754]
[6.96031519 8.61108506]
[6.68422709 7.47369357]
[6.56677029 5.86110571]
[6.22728537 6.32789966]
[6.20430679 5.60810065]
[5.72690815 5.99041414]
[5.35708098 7.38267244]
[5.17669535 7.98465171]
[5.3028919  8.48874794]
[6.09058554 7.92522875]
[7.36900655 6.5490144 ]
[7.62840484 7.45372766]
[7.62119445 7.81990583]
[7.55108541 8.65371451]
[7.006287   8.60592761]
[6.72675589 7.47321129]
[6.60646331 5.86575107]
[6.27357135 6.31724465]
[6.24809863 5.61465005]
[5.78160582 5.98286869]
[5.41164647 7.388399  ]
[5.23301588 7.99327593]
[5.35843334 8.49570979]
[6.13581255 7.92615705]
[7.42347671 6.56980358]
[7.66980857 7.46467037]
[7.65641384 7.82084783]
[7.58436194 8.65743499]
[7.05305139 8.60042252]
[6.76931172 7.47279807]
[6.6451341 5.8712081]
[6.31860004 6.30707464]
[6.29287973 5.62237903]
[5.8358401  5.97447984]
[5.46682101 7.39417186]
[5.28994354 8.0021959 ]
[5.41474373 8.50323773]
[6.18001982 7.92704879]
[7.47800699 6.5920817 ]
[7.71081408 7.47521825]
[7.69136091 7.82154729]
[7.61764023 8.66126934]
[7.09939669 8.59493504]
[6.81205967 7.47282148]
[6.68184144 5.87768665]
[6.36280964 6.29756409]
[6.33608531 5.63112369]
[5.88933719 5.96531806]
[5.52119747 7.39949008]
[5.34639418 8.01183496]
[5.4707401  8.51112632]
[6.22148451 7.92771488]
[7.53255539 6.61521197]
[7.75160868 7.48528677]
[7.726279   7.82187857]
[7.65051626 8.66508954]
[7.14561638 8.58978073]
[6.85515103 7.4735348 ]
[6.71883567 5.88514402]
[6.40634769 6.28955828]
[6.3811489  5.64132097]
[5.94309605 5.95654297]
[5.57643575 7.40579564]
[5.4031508  8.02194526]
[5.52703838 8.51943324]
[6.26081462 7.92850169]
[7.5869259  6.63875431]
[7.79209039 7.49490396]
[7.76078437 7.82195303]
[7.68306969 8.66910688]
[7.19152295 8.58477776]
[6.89887582 7.47504835]
[6.75607928 5.89235283]
[6.44892626 6.28302532]
[6.42462228 5.65106727]
[5.99683816 5.94788862]
[5.63109025 7.41231894]
[5.45995269 8.0321861 ]
[5.5835373  8.52793772]
[6.29710206 7.92989614]
[7.64107501 6.66265282]
[7.83205907 7.50426138]
[7.79509546 7.82180138]
[7.71557447 8.67336106]
[7.23715118 8.57992083]
[6.94367872 7.47732471]
[6.79551529 5.8997179 ]
[6.4911842  6.27794045]
[6.4703989 5.6619372]
[6.05092005 5.94103084]
[5.68607251 7.41970801]
[5.51742189 8.04256565]
[5.6403101  8.53713121]
[6.33055393 7.93255392]
[7.69512031 6.68685743]
[7.87153512 7.51322021]
[7.82913836 7.82144367]
[7.74742083 8.67827794]
[7.28256253 8.57524647]
[6.989597   7.48021234]
[6.83590408 5.90633952]
[6.53325872 6.27443483]
[6.51473819 5.67252634]
[6.10506468 5.93370299]
[5.74039598 7.42752271]
[5.5749555  8.05240972]
[5.69656091 8.5468497 ]
[6.36140004 7.93612761]
[7.74902721 6.7114123 ]
[7.910577   7.52180338]
[7.86310771 7.82101259]
[7.77905449 8.68387154]
[7.32818243 8.57054306]
[7.03662059 7.48366159]
[6.87711768 5.91228936]
[6.57625846 6.27141253]
[6.56202854 5.68425854]
[6.15949384 5.92689752]
[5.79550732 7.43612222]
[5.63313206 8.06245286]
[5.7532445  8.55682094]
[6.39017104 7.94049227]
[7.80288858 6.73630983]
[7.94925715 7.53004698]
[7.89677928 7.82078069]
[7.81042685 8.69008337]
[7.37370332 8.56587867]
[7.0844797  7.48760476]
[6.91891637 5.91791141]
[6.61956252 6.26817488]
[6.61040509 5.69500171]
[6.2154609  5.92013452]
[5.85064339 7.44502161]
[5.69155635 8.07239835]
[5.80992592 8.56671066]
[6.41866153 7.94501233]
[7.85672604 6.76164231]
[7.98756326 7.53841516]
[7.93047378 7.82073265]
[7.84127356 8.69684904]
[7.41970968 8.56224635]
[7.13370227 7.49261492]
[6.9610668  5.92373947]
[6.66350509 6.26576083]
[6.6606638  5.70577161]
[6.27322426 5.91397383]
[5.90513426 7.45429451]
[5.75026705 8.08283252]
[5.86720291 8.57673395]
[6.44691793 7.94938999]
[7.91055958 6.78733647]
[8.02540873 7.54675532]
[7.96374359 7.821048  ]
[7.87218819 8.70406846]
[7.46507278 8.55955039]
[7.18368967 7.49898386]
[7.00310975 5.93003094]
[6.70870152 6.26411858]
[6.71136695 5.71651989]
[6.33296591 5.90832428]
[5.95947044 7.46427765]
[5.8084766  8.09334419]
[5.92320643 8.58682455]
[6.47483364 7.9530642 ]
[7.9642236  6.81330035]
[8.06394395 7.55559517]
[7.99817614 7.82143938]
[7.90252495 8.71161875]
[7.50865088 8.55646114]
[7.23288386 7.50519748]
[7.04445799 5.93572049]
[6.75352382 6.26201559]
[6.76061496 5.72674429]
[6.39136327 5.90308033]
[6.01052355 7.47273772]
[5.86409173 8.10305479]
[5.97749313 8.59612211]
[6.50187068 7.95683823]
[8.0175536  6.83934335]
[8.1033452  7.56544021]
[8.03331321 7.82182834]
[7.93307413 8.71915065]
[7.54978378 8.5521083 ]
[7.27992621 7.51067674]
[7.08473378 5.9404523 ]
[6.79662626 6.25935052]
[6.80694377 5.73626878]
[6.44759188 5.89861642]
[6.06037103 7.48030672]
[5.91703114 8.11177577]
[6.02925033 8.60375942]
[6.52770241 7.96102179]
[8.07042948 6.86518927]
[8.14355226 7.57661725]
[8.06915906 7.82236932]
[7.9629159  8.72672743]
[7.58895741 8.54666547]
[7.32431406 7.51505906]
[7.12424737 5.94452401]
[6.83943819 6.25675498]
[6.85164151 5.74517784]
[6.50182615 5.89493468]
[6.10704353 7.48574804]
[5.96753854 8.11890604]
[6.07970155 8.61036672]
[6.55224519 7.96531574]
[8.12286182 6.89074824]
[8.18422502 7.58849334]
[8.10533997 7.82287663]
[7.99241931 8.73468672]
[7.6268525  8.54029391]
[7.36565908 7.5185729 ]
[7.16325102 5.94808393]
[6.88131222 6.25373863]
[6.89429128 5.75345919]
[6.55390885 5.89195246]
[6.15149954 7.48961788]
[6.0154204  8.12475568]
[6.12542544 8.61469631]
[6.57519311 7.96978043]
[8.17496154 6.91591007]
[8.22558237 7.60061018]
[8.14194058 7.8232752 ]
[8.02141112 8.74301368]
[7.66384111 8.53285095]
[7.40478977 7.52108711]
[7.20205932 5.95111796]
[6.92206915 6.25111247]
[6.93552447 5.76087357]
[6.60465289 5.8896451 ]
[6.1936607  7.49152627]
[6.0614339  8.12915626]
[6.17111228 8.61832963]
[6.59716607 7.97381355]
[8.22697228 6.94072195]
[8.26708304 7.61211072]
[8.17866661 7.82358097]
[8.05067609 8.75181113]
[7.70252474 8.5261442 ]
[7.44481659 7.52269296]
[7.24126275 5.95561545]
[6.9647094  6.24982483]
[6.97817108 5.76937452]
[6.65680963 5.88816444]
[6.23980358 7.49484661]
[6.11240451 8.13570705]
[6.22012122 8.62323646]
[6.62105704 7.97819486]
[8.27929029 6.96525116]
[8.30862568 7.62276902]
[8.21577714 7.82370327]
[8.07980748 8.76091319]
[7.74269448 8.5196013 ]
[7.4853079  7.52379501]
[7.28069787 5.96044335]
[7.00882378 6.24770994]
[7.02020436 5.77811854]
[6.70859955 5.88683377]
[6.28445841 7.4965889 ]
[6.16246969 8.14158698]
[6.2691454  8.62693547]
[6.64693691 7.98180234]
[8.3317823  6.98921658]
[8.35068156 7.63234722]
[8.25312555 7.82362145]
[8.10922057 8.77013459]
[7.784291   8.51349126]
[7.52670461 7.5246327 ]
[7.32061094 5.96606085]
[7.05448139 6.24533406]
[7.06384422 5.78697799]
[6.76146778 5.88596238]
[6.33030448 7.49813293]
[6.21446725 8.14752833]
[6.31874403 8.63005471]
[6.67519302 7.98479964]
[8.38415374 7.01217596]
[8.39293848 7.64087178]
[8.2906958 7.8234488]
[8.13838983 8.77954997]
[7.82690248 8.5075839 ]
[7.56891354 7.52574347]
[7.3606498  5.97186613]
[7.10146336 6.24245996]
[7.10823503 5.79504372]
[6.81454638 5.88529992]
[6.37641555 7.49881103]
[6.26449002 8.1524006 ]
[6.36872724 8.632598  ]
[6.70636251 7.98710551]
[8.43608157 7.03423699]
[8.43550854 7.64863458]
[8.32840669 7.82326964]
[8.16788745 8.78887778]
[7.87029097 8.50241095]
[7.61204768 7.52780233]
[7.40070883 5.97740562]
[7.15002784 6.23903014]
[7.15465123 5.80272024]
[6.86799001 5.88593996]
[6.42361907 7.49887817]
[6.31526504 8.15663992]
[6.41967899 8.63431832]
[6.740926   7.98842286]
[8.4874128  7.05537528]
[8.47831771 7.65575045]
[8.36669437 7.82340168]
[8.19758981 8.79789011]
[7.9143926  8.49823593]
[7.65615549 7.53101122]
[7.44218873 5.98272797]
[7.2000015  6.23502079]
[7.2012841  5.80927272]
[6.92196127 5.88691743]
[6.47154943 7.49847132]
[6.36605349 8.15986449]
[6.47154262 8.63514955]
[6.77898934 7.98881117]
[8.53830178 7.07542564]
[8.52151196 7.66216697]
[8.40529086 7.82382706]
[8.22825399 8.80643747]
[7.95885614 8.49497351]
[7.70079802 7.53466078]
[7.48489788 5.98739973]
[7.25113867 6.23058044]
[7.25013502 5.81518811]
[6.97781313 5.88833638]
[6.52064888 7.49799368]
[6.417533   8.16258771]
[6.52460697 8.6352258 ]
[6.82154289 7.988267  ]
[8.58872173 7.09442159]
[8.56502251 7.66793768]
[8.44422059 7.82467765]
[8.25828968 8.81483762]
[8.00229378 8.49274303]
[7.74566132 7.53862831]
[7.52857783 5.99152674]
[7.30290597 6.22547471]
[7.298213  5.8197879]
[7.03317223 5.88956084]
[6.56849691 7.49680125]
[6.46774141 8.16500945]
[6.5766748  8.63540715]
[6.86527213 7.98682973]
[8.63932839 7.11192788]
[8.60928784 7.67424707]
[8.48308684 7.82573472]
[8.28912147 8.82310852]
[8.0457209 8.4920261]
[7.79095502 7.54305573]
[7.57335087 5.99497777]
[7.35555572 6.21984826]
[7.34870198 5.82397594]
[7.0906843  5.89040934]
[6.61592282 7.49567892]
[6.51794803 8.16691014]
[6.62858453 8.63520558]
[6.90995533 7.98515873]
[8.69021443 7.12842069]
[8.65392575 7.68135625]
[8.52206019 7.82684391]
[8.31988843 8.83113851]
[8.08927137 8.49221288]
[7.83659096 7.54802442]
[7.61926364 5.99775852]
[7.40876167 6.21442287]
[7.39858379 5.82682401]
[7.14770213 5.89120656]
[6.66307    7.49457237]
[6.56777893 8.16840061]
[6.68093544 8.6349147 ]
[6.95548984 7.98358717]
[8.74122218 7.14380965]
[8.69823604 7.68832515]
[8.56094495 7.8280166 ]
[8.35125942 8.83877706]
[8.13265586 8.49330577]
[7.88291489 7.55333632]
[7.66641527 6.00022153]
[7.46280846 6.2088642 ]
[7.45059619 5.82914435]
[7.20664298 5.89136842]
[6.71070383 7.49358784]
[6.61748802 8.16991619]
[6.73377307 8.63458899]
[7.00202452 7.98207362]
[8.79234545 7.15796389]
[8.74256893 7.69539458]
[8.60032412 7.82952518]
[8.38280304 8.84600146]
[8.17608302 8.49530392]
[7.92951415 7.55905818]
[7.7147044  6.00254674]
[7.51757582 6.20314941]
[7.50203652 5.83024204]
[7.26558283 5.89157804]
[6.75877681 7.49243224]
[6.66769765 8.17170078]
[6.78740513 8.6341596 ]
[7.04961951 7.98060572]
[8.84363598 7.17111913]
[8.78657789 7.70246738]
[8.64010275 7.8313441 ]
[8.41479676 8.85280429]
[8.21960435 8.49726767]
[7.9762563  7.56507178]
[7.76423577 6.00473816]
[7.57327499 6.19750542]
[7.55570125 5.83065647]
[7.32652035 5.89131979]
[6.80741275 7.49118273]
[6.71821548 8.17355121]
[6.84172276 8.633647  ]
[7.09837341 7.97904789]
[8.89535584 7.18369888]
[8.8305593  7.70959639]
[8.68034824 7.83335008]
[8.44707563 8.85904034]
[8.26288397 8.49884115]
[8.02312008 7.57108628]
[7.81483245 6.00695301]
[7.63001013 6.19213765]
[7.60920683 5.83008808]
[7.38766417 5.8910245 ]
[6.85653828 7.49004802]
[6.76902992 8.17528974]
[6.89648339 8.6330055 ]
[7.14831858 7.97754566]
[8.94755293 7.19580181]
[8.8742006  7.71691776]
[8.72104262 7.8354074 ]
[8.47979175 8.8647484 ]
[8.30548688 8.49994221]
[8.0702884  7.57711051]
[7.86634238 6.00949988]
[7.68794262 6.18720182]
[7.66461197 5.82888077]
[7.45039317 5.89023548]
[6.90645046 7.48917553]
[6.82014381 8.17695328]
[6.95209115 8.63179253]
[7.19932055 7.97608647]
[9.00007093 7.20770752]
[8.91768725 7.72450542]
[8.76250161 7.83811798]
[8.51271228 8.86987732]
[8.34740473 8.50034806]
[8.11757142 7.58304573]
[7.91884904 6.01201535]
[7.74693679 6.18304577]
[7.71887473 5.82712481]
[7.51341677 5.88928506]
[6.95685899 7.48805419]
[6.87173071 8.17877387]
[7.00870646 8.63038127]
[7.2514003  7.97470338]
[9.05287603 7.21938052]
[8.9607171  7.73216205]
[8.80423084 7.84143271]
[8.54590781 8.87444492]
[8.38862334 8.50021418]
[8.16490948 7.58893324]
[7.97184355 6.01502787]
[7.80681555 6.17955141]
[7.77509313 5.82493205]
[7.57812542 5.88798479]
[7.00775667 7.48691448]
[6.92355501 8.180883  ]
[7.06616621 8.62884681]
[7.30426931 7.97355279]
[9.10602998 7.23087215]
[9.00346047 7.73985637]
[8.84642001 7.84539823]
[8.57930596 8.87843422]
[8.4292819  8.49967312]
[8.2124819  7.59467311]
[8.02557888 6.01831725]
[7.86747988 6.17672736]
[7.83021224 5.82268731]
[7.64337449 5.88675546]
[7.05944138 7.48599247]
[6.9757109  8.18314825]
[7.12442649 8.62728702]
[7.35771013 7.97296716]
[9.15955451 7.24224364]
[9.04566601 7.74755637]
[8.88874383 7.8502926 ]
[8.61296211 8.88176629]
[8.46940667 8.49871319]
[8.26019127 7.60013985]
[8.07966732 6.02205796]
[7.92843235 6.17487729]
[7.88734837 5.82003658]
[7.70975359 5.88526453]
[7.11182932 7.48536709]
[7.02791797 8.18536337]
[7.18330259 8.6258275 ]
[7.41120324 7.97252831]
[9.21357692 7.25352832]
[9.0871819  7.75522704]
[8.93102267 7.85609898]
[8.64641033 8.88479974]
[8.50907789 8.49730106]
[8.30793448 7.60516195]
[8.13432885 6.02612965]
[7.98977535 6.17392038]
[7.94302204 5.81790925]
[7.77559146 5.88396257]
[7.16499387 7.4850863 ]
[7.08052914 8.18782373]
[7.24289256 8.62448125]
[7.46467113 7.97230506]
[9.26814148 7.264689  ]
[9.12790599 7.76298659]
[8.97333979 7.86280176]
[8.67992677 8.88765611]
[8.54836474 8.495378  ]
[8.35570453 7.6099078 ]
[8.18905929 6.03068635]
[8.0511686 6.1738858]
[8.00027702 5.81539767]
[7.84173226 5.88240443]
[7.21907128 7.48512608]
[7.13334667 8.19044912]
[7.30304172 8.62300669]
[7.51764988 7.97221515]
[9.32324562 7.2757421 ]
[9.16749944 7.77078709]
[9.01554296 7.87045383]
[8.71322473 8.89021518]
[8.58713389 8.49305237]
[8.40338448 7.61467169]
[8.24445528 6.03560575]
[8.1127145  6.17467201]
[8.05554806 5.81378837]
[7.90644841 5.88147228]
[7.27408231 7.48540168]
[7.1865348  8.19344896]
[7.36371563 8.62156502]
[7.57018032 7.97227047]
[9.37885112 7.28676131]
[9.20607891 7.77864669]
[9.05687392 7.8778689 ]
[8.74631627 8.89255431]
[8.62535285 8.49025727]
[8.45102569 7.61940102]
[8.29943287 6.04103539]
[8.17421457 6.17656322]
[8.11284534 5.8117799 ]
[7.97137857 5.88050156]
[7.33023171 7.48512945]
[7.24077886 8.19687684]
[7.42429042 8.62020482]
[7.62202127 7.97279295]
[9.43503315 7.2979963 ]
[9.24348614 7.78658453]
[9.09804445 7.88528484]
[8.77915757 8.89494733]
[8.66306469 8.48704702]
[8.49865817 7.62421063]
[8.35448708 6.04680489]
[8.23460059 6.18004861]
[8.16750647 5.81085964]
[8.03509377 5.87972603]
[7.38700213 7.48446542]
[7.29632726 8.19996828]
[7.48423137 8.6196529 ]
[7.67285314 7.97399239]
[9.49170412 7.30943697]
[9.28040869 7.79450025]
[9.13823837 7.8924561 ]
[8.81208738 8.89749479]
[8.70110273 8.48370536]
[8.54624712 7.62901698]
[8.4087443  6.05288997]
[8.29471998 6.1846056 ]
[8.22460686 5.80918572]
[8.09853783 5.87847586]
[7.44394153 7.48409156]
[7.35363323 8.20176359]
[7.5436367  8.62020218]
[7.72264649 7.97575311]
[9.54877914 7.32095448]
[9.31640877 7.80238744]
[9.17779431 7.89842053]
[8.84578558 8.90049445]
[8.7394815  8.48066839]
[8.593596   7.63352856]
[8.46224325 6.05899669]
[8.35366854 6.19021198]
[8.27872555 5.80902959]
[8.15964009 5.87737256]
[7.50134262 7.48388744]
[7.41182194 8.20211543]
[7.60291447 8.6216605 ]
[7.7720962  7.97814636]
[9.60606355 7.3324473 ]
[9.35149949 7.80982449]
[9.21686408 7.90385546]
[8.87998887 8.90380911]
[8.77778645 8.47815817]
[8.6405382  7.63742297]
[8.51506879 6.06550647]
[8.41295146 6.19665587]
[8.33517165 5.8082356 ]
[8.220867   5.87610867]
[7.5596646  7.48455928]
[7.47050116 8.20255956]
[7.66202253 8.62378034]
[7.82253238 7.98074069]
[9.66358722 7.34386233]
[9.38594415 7.81688569]
[9.25442694 7.90854219]
[8.91471883 8.90761117]
[8.81623972 8.47644148]
[8.68660446 7.64041862]
[8.56649195 6.07250581]
[8.47051465 6.20449485]
[8.38861242 5.80969273]
[8.2795672 5.8761571]
[7.6190239  7.48594341]
[7.52902932 8.20395671]
[7.72088825 8.62666264]
[7.87409248 7.98361336]
[9.72128111 7.35506969]
[9.41993369 7.82353107]
[9.29087794 7.91245118]
[8.94984655 8.91207502]
[8.8554356  8.47523494]
[8.73377224 7.64193039]
[8.61711819 6.08042179]
[8.52758523 6.21301491]
[8.44309795 5.81150694]
[8.33848171 5.87657661]
[7.67844222 7.48842963]
[7.58782759 8.20652474]
[7.77883928 8.62974357]
[7.92665846 7.9873369 ]
[9.77890553 7.36608013]
[9.45329622 7.83003633]
[9.326323   7.91584111]
[8.98557568 8.91742961]
[8.89507064 8.47386534]
[8.78140995 7.64296016]
[8.66623462 6.08909449]
[8.58356042 6.22270845]
[8.49601495 5.81497956]
[8.39501458 5.87769113]
[7.73747145 7.4923487 ]
[7.64690156 8.21036125]
[7.83657694 8.63250302]
[7.98080441 7.99146822]
[9.83659943 7.37682351]
[9.48617968 7.83623355]
[9.36078614 7.91889733]
[9.02334524 8.92332557]
[8.93519145 8.47260533]
[8.83010338 7.64347917]
[8.71475072 6.09750998]
[8.63914185 6.23369281]
[8.55092858 5.8187675 ]
[8.45187005 5.88025188]
[7.79553294 7.49754594]
[7.70583513 8.2153014 ]
[7.8941841  8.63451457]
[8.03717196 7.99605181]
[9.89417573 7.38730181]
[9.51908798 7.8420223 ]
[9.39488817 7.92157053]
[9.06388056 8.9295713 ]
[8.97578099 8.47132232]
[8.88041699 7.64377624]
[8.76336762 6.10684819]
[8.69438046 6.24676119]
[8.60500453 5.82299632]
[8.50701738 5.88340902]
[7.85311838 7.50364134]
[7.76339927 8.22080083]
[7.95211023 8.63598922]
[8.09367586 8.00027855]
[9.9515561  7.39750656]
[9.5521265  7.84743513]
[9.42898559 7.92353612]
[9.10643108 8.93535293]
[9.01694141 8.47030251]
[8.9306777  7.64424729]
[8.81156216 6.11630907]
[8.74901974 6.26085948]
[8.66078031 5.82851011]
[8.56491456 5.88772282]
[7.91077172 7.51066008]
[7.81986953 8.22666572]
[8.01072504 8.63746575]
[8.14938819 8.00382935]
[10.0086049   7.40751043]
[9.58542461 7.85268248]
[9.4636887 7.9252454]
[9.14976286 8.94047962]
[9.05885128 8.46967432]
[8.98081117 7.64489598]
[8.86088194 6.12574213]
[8.80364409 6.27533351]
[8.71534851 5.83394471]
[8.62141674 5.89183905]
[7.96803252 7.5188117 ]
[7.87588189 8.23347981]
[8.0680909  8.63974671]
[8.20585897 8.00636938]
[10.0652584   7.41736469]
[9.61944789 7.85810684]
[9.49879219 7.92693109]
[9.19378565 8.9453276 ]
[9.10097983 8.46930077]
[9.03115254 7.64539984]
[8.91008116 6.13398184]
[8.85895173 6.28895086]
[8.77150785 5.83982939]
[8.68116635 5.89724229]
[8.0254943  7.52694865]
[7.93289842 8.2413181 ]
[8.12550373 8.64348043]
[8.26179635 8.00934206]
[10.12147575  7.42694455]
[9.65433212 7.86373108]
[9.53430459 7.92882619]
[9.23854059 8.94994813]
[9.14203955 8.46907343]
[9.08196197 7.64524347]
[8.96061262 6.14076092]
[8.91599692 6.30201999]
[8.82498733 5.84371112]
[8.73752111 5.90370725]
[8.08311689 7.53543189]
[7.99053576 8.24913986]
[8.18176922 8.64891671]
[8.31719103 8.01330522]
[10.17721315  7.43626116]
[9.69005365 7.86932096]
[9.57026482 7.9310851 ]
[9.28381535 8.95452504]
[9.18248803 8.46894238]
[9.13353213 7.6451544 ]
[9.01246349 6.14702646]
[8.97339509 6.3138763 ]
[8.88110647 5.84705577]
[8.79811212 5.91064508]
[8.1407161  7.54432609]
[8.04812905 8.25665521]
[8.23890676 8.65563952]
[8.37243883 8.01811078]
[10.23239999  7.44530016]
[9.72679464 7.87534516]
[9.60697657 7.93371578]
[9.32906113 8.95906268]
[9.22246744 8.46873448]
[9.18569232 7.64547566]
[9.06559071 6.15291438]
[9.0311828  6.32374606]
[8.93308727 5.84920837]
[8.85359045 5.91557327]
[8.1980606  7.55321209]
[8.10581083 8.26357106]
[8.29516    8.66313371]
[8.4276113  8.02313737]
[10.28676889  7.45410691]
[9.76445989 7.88169942]
[9.64465023 7.93663204]
[9.37408815 8.96320498]
[9.26259154 8.46851496]
[9.23844124 7.64595532]
[9.11966584 6.15811914]
[9.0889316  6.33227227]
[8.98813269 5.85080709]
[8.91496826 5.91966146]
[8.25514642 7.56219579]
[8.16361062 8.27002778]
[8.35215188 8.6713338 ]
[8.4837822  8.02852466]
[10.3403872  7.46276  ]
[9.80305564 7.88821994]
[9.68311158 7.93982428]
[9.41870196 8.96649077]
[9.30373523 8.46815062]
[9.29171446 7.64677839]
[9.17455156 6.1627665 ]
[9.14735774 6.3395079 ]
[9.03834813 5.85147404]
[8.96982491 5.92158128]
[8.3120936  7.57145553]
[8.22111295 8.27669288]
[8.40820169 8.67981468]
[8.54011453 8.03455509]
[10.39333154  7.47124999]
[9.84247252 7.89469968]
[9.72201759 7.94302409]
[9.46362571 8.96934285]
[9.34583437 8.46782816]
[9.34532286 7.64804419]
[9.22970222 6.16741583]
[9.20608548 6.346699  ]
[9.09276267 5.84985224]
[9.02920725 5.92360378]
[8.36860686 7.58116169]
[8.27860276 8.28383771]
[8.46423714 8.68860207]
[8.59632342 8.04104035]
[10.44565014  7.47949797]
[9.88262876 7.90118373]
[9.76152457 7.94631988]
[9.50865737 8.9719409 ]
[9.38880604 8.46760472]
[9.39878724 7.64922895]
[9.28567375 6.17199659]
[9.2645524  6.35357789]
[9.1413349  5.84817045]
[9.08382743 5.92494595]
[8.42486604 7.59100509]
[8.3358271  8.29094168]
[8.51944313 8.69772074]
[8.65251949 8.04812862]
[10.49734629  7.48749857]
[9.92362747 7.90779746]
[9.80146249 7.9496583 ]
[9.55385968 8.97426194]
[9.43258317 8.46744183]
[9.4516033  7.65020217]
[9.34157063 6.17669682]
[9.32334152 6.3606603 ]
[9.19608976 5.84614711]
[9.14089557 5.92436066]
[8.48072542 7.60083385]
[8.39265868 8.2982063 ]
[8.57520692 8.70763164]
[8.7083395  8.05667497]
[10.54893725  7.49508653]
[9.96558949 7.91439987]
[9.84227992 7.95319023]
[9.59958583 8.97622417]
[9.47703181 8.46729277]
[9.50375966 7.65134503]
[9.39762158 6.18107891]
[9.38231944 6.36750992]
[9.24259936 5.84333086]
[9.19527916 5.92312116]
[8.53633206 7.61080895]
[8.44956374 8.3060898 ]
[8.63111065 8.71817837]
[8.76450556 8.06552492]
[10.60037599  7.50237509]
[10.00831148  7.92096844]
[9.88363847 7.95681019]
[9.64586071 8.97794634]
[9.52208681 8.46708764]
[9.55493261 7.6527982 ]
[9.45358972 6.18520986]
[9.44116079 6.37444257]
[9.29830405 5.84113874]
[9.25085378 5.91984191]
[8.59108698 7.62136576]
[8.50551164 8.31485322]
[8.68724991 8.72941083]
[8.82070048 8.07422418]
[10.65167291  7.50945482]
[10.05183142  7.927567  ]
[9.92576207 7.96040779]
[9.69211494 8.97956229]
[9.56755612 8.46672158]
[9.60527074 7.65457781]
[9.50940432 6.18896183]
[9.50007783 6.38121373]
[9.34240862 5.8372532 ]
[9.30511931 5.91652101]
[8.64541112 7.63126602]
[8.56081119 8.32429929]
[8.74301904 8.74112153]
[8.87700561 8.08287198]
[10.70291549  7.51642111]
[10.0960855   7.93430696]
[9.96843055 7.96393157]
[9.73797345 8.98093358]
[9.61357484 8.46643426]
[9.65508393 7.65630422]
[9.56496224 6.19228142]
[9.55915195 6.38777875]
[9.39943135 5.83463569]
[9.35915956 5.91231067]
[8.69966639 7.6408816 ]
[8.61504357 8.33430505]
[8.79867453 8.7529836 ]
[8.93326286 8.09126286]
[10.75403502  7.52319647]
[10.14093937  7.94125084]
[10.01156644  7.96736814]
[9.78359248 8.9820405 ]
[9.66008134 8.46614526]
[9.70435442 7.65787551]
[9.62030437 6.19518981]
[9.61822795 6.39408329]
[9.44186957 5.82969248]
[9.41216949 5.90783089]
[8.75400178 7.65022051]
[8.66881791 8.34395948]
[8.85418832 8.76449383]
[8.98932502 8.09913201]
[10.80506006  7.52980884]
[10.18630863  7.9483136 ]
[10.0550228   7.97065326]
[9.82913328 8.98294029]
[9.70707135 8.46569211]
[9.75322943 7.65946787]
[9.675292   6.19775958]
[9.67700686 6.40019708]
[9.4996412  5.82688467]
[9.46449126 5.90279884]
[8.80831276 7.65928239]
[8.72195356 8.35373108]
[8.90967274 8.77579028]
[9.04545203 8.1063941 ]
[10.8560035   7.53625044]
[10.23205131  7.95541215]
[10.09888934  7.97385294]
[9.87471399 8.98381841]
[9.75452305 8.46508449]
[9.80199476 7.66115633]
[9.72997004 6.19996803]
[9.73557845 6.4060527 ]
[9.54169323 5.82184129]
[9.51641877 5.89761494]
[8.86264576 7.66816398]
[8.77475972 8.3634163 ]
[8.96502969 8.78689031]
[9.10118417 8.11329832]
[10.9068533   7.54252277]
[10.27811515  7.96278353]
[10.14271197  7.97689919]
[9.92034803 8.98473934]
[9.80229203 8.4644115 ]
[9.85097687 7.66262016]
[9.78429112 6.20196753]
[9.79387866 6.41172106]
[9.59878082 5.81871853]
[9.56792497 5.89258756]
[8.91700692 7.67679429]
[8.82722771 8.3729271 ]
[9.02034081 8.79771547]
[9.15660175 8.11961506]
[10.95759352  7.54861933]
[10.32438011  7.97040891]
[10.18669915  7.97981676]
[9.96623115 8.98557222]
[9.85043519 8.46364457]
[9.90028193 7.66410106]
[9.83828231 6.20369168]
[9.85193866 6.41715003]
[9.64113263 5.81401075]
[9.61938296 5.8876706 ]
[8.97142079 7.68527479]
[8.87985988 8.38238584]
[9.07553443 8.80835684]
[9.21170016 8.12549869]
[11.00816967  7.55452244]
[10.37074846  7.97823107]
[10.23066183  7.98257477]
[10.01239734  8.98632349]
[9.89895767 8.46279742]
[9.94983796 7.6656429 ]
[9.89193806 6.20521552]
[9.90975174 6.42237932]
[9.69685339 5.81070987]
[9.67039039 5.88284089]
[9.02587525 7.69350284]
[8.93230284 8.39164887]
[9.13073889 8.81866295]
[9.26646254 8.13094347]
[11.05853329  7.56021508]
[10.41713385  7.9862317 ]
[10.27456113  7.98519987]
[10.05896066  8.98694491]
[9.94785776 8.46183618]
[9.99958632 7.6671546 ]
[9.94532243 6.20648259]
[9.96734726 6.42733692]
[9.74003514 5.80628345]
[9.72143841 5.87811401]
[9.08032557 7.70158023]
[8.98476753 8.40090235]
[9.18571933 8.82881879]
[9.32088584 8.1360281 ]
[11.10840293  7.56547141]
[10.46351287  7.99437096]
[10.31850478  7.98777501]
[10.10660683  8.98739233]
[9.99702923 8.46076881]
[10.04948406  7.66854287]
[9.99836817 6.2076199 ]
[10.02472047  6.4320783 ]
[9.79504954 5.80272171]
[9.77213373 5.8734707 ]
[9.13475402 7.70942036]
[9.0370793  8.40997157]
[9.24048304 8.83873278]
[9.37502187 8.14077983]
[11.15788354  7.57045189]
[10.50991004  8.00262153]
[10.36245425  7.990224  ]
[10.15522247  8.98773773]
[10.04650227  8.45957584]
[10.09951589  7.66987624]
[10.0511092   6.20861315]
[10.08183427  6.43647129]
[9.83950506 5.79876811]
[9.82301289 5.86893276]
[9.1890959  7.71710449]
[9.08929842 8.4189629 ]
[9.29479493 8.84808789]
[9.42885711 8.14504401]
[11.20687686  7.57516809]
[10.55636088  8.01095732]
[10.4065017   7.99258899]
[10.20465335  8.98787658]
[10.09609631  8.4582989 ]
[10.14971143  7.67125052]
[10.10382995  6.20943252]
[10.13853147  6.44055217]
[9.89380283 5.79510767]
[9.87372568 5.86463598]
[9.24313439 7.72464737]
[9.14137085 8.42780369]
[9.34882691 8.85686332]
[9.48235425 8.14884821]
[11.25549599  7.57962443]
[10.60287591  8.01938839]
[10.45062139  7.99485843]
[10.25472731  8.98787008]
[10.1457842   8.45691325]
[10.19997122  7.67265749]
[10.15650996  6.21013161]
[10.19480269  6.44422858]
[9.93996318 5.79156322]
[9.92444898 5.86059195]
[9.29673203 7.73166169]
[9.1933656  8.43641299]
[9.40250313 8.86515196]
[9.53535745 8.15217843]
[11.30372166  7.58383384]
[10.64947517  8.02784535]
[10.4948347   7.99704541]
[10.3053685   8.98764185]
[10.19522259  8.45551314]
[10.25040576  7.67414698]
[10.20918503  6.21067147]
[10.25067802  6.44751117]
[9.99312806 5.78767275]
[9.97504478 5.85672723]
[9.35004589 7.73822349]
[9.24522684 8.44483074]
[9.45590076 8.87282181]
[9.58792117 8.15500388]
[11.35153484  7.58783734]
[10.69619997  8.03611078]
[10.53913088  7.99914329]
[10.35656652  8.9871846 ]
[10.24435238  8.4540051 ]
[10.30099021  7.67579344]
[10.26192231  6.211067  ]
[10.30629568  6.4503686 ]
[10.04145428  5.78435442]
[10.0256017   5.85298517]
[9.40286222 7.74430989]
[9.29686751 8.45312433]
[9.50882257 8.88003874]
[9.64000719 8.1574234 ]
[11.39892231  7.59165638]
[10.74300899  8.04418872]
[10.58340692  8.00114402]
[10.40818386  8.98653956]
[10.29311761  8.45244599]
[10.35164978  7.67767599]
[10.31476823  6.21134314]
[10.36164039  6.45290876]
[10.09383229  5.78044614]
[10.07607163  5.84930539]
[9.45527528 7.74995211]
[9.3482223  8.46129515]
[9.56120367 8.88681386]
[9.69157538 8.15951889]
[11.44622629  7.59537731]
[10.78975496  8.05223669]
[10.6274198   8.00315555]
[10.45954288  8.98574477]
[10.34177135  8.45083533]
[10.40225684  7.67983679]
[10.36789013  6.21146849]
[10.4168654   6.45500759]
[10.14390069  5.77718493]
[10.12669776  5.8456914 ]
[9.5071599  7.75537935]
[9.39921376 8.46920149]
[9.61296869 8.89343325]
[9.74275619 8.16179859]
[11.49327176  7.59890774]
[10.8365096  8.0602443]
[10.67119152  8.00526511]
[10.51043252  8.98473868]
[10.39037208  8.44936986]
[10.45278224  7.68227765]
[10.42117741  6.2115119 ]
[10.47205133  6.4566515 ]
[10.19609709  5.7735421 ]
[10.17729825  5.84206053]
[9.55841741 7.76048136]
[9.44966498 8.47663997]
[9.66407346 8.89987397]
[9.7934878  8.16408573]
[11.54027735  7.60228845]
[10.88327189  8.06825192]
[10.71483741  8.00743397]
[10.56083842  8.98363327]
[10.43888691  8.4479979 ]
[10.5031869   7.68499646]
[10.47461922  6.21138626]
[10.52713927  6.45791047]
[10.24730074  5.77017204]
[10.22806936  5.83842774]
[9.6089074  7.76540351]
[9.49957538 8.48384582]
[9.71451199 8.90614477]
[9.84384428 8.16636699]
[11.58713461  7.60549693]
[10.93003167  8.07622208]
[10.7583966   8.00970351]
[10.61079176  8.98238686]
[10.48729203  8.44666769]
[10.55340678  7.68803765]
[10.52817318  6.21109887]
[10.58212136  6.45874221]
[10.2997389  5.7665487]
[10.2788338   5.83482323]
[9.65859189 7.77006835]
[9.54887456 8.49075704]
[9.76476624 8.91208489]
[9.89384839 8.16864754]
[11.63390293  7.60854595]
[10.97674418  8.08418583]
[10.80186051  8.01203865]
[10.66046566  8.98109649]
[10.5355298  8.445327 ]
[10.60347086  7.69137756]
[10.58186825  6.21070755]
[10.63708159  6.45924612]
[10.35166451  5.76306554]
[10.3296684   5.83124534]
[9.70757809 7.77446646]
[9.59759866 8.49740061]
[9.81489859 8.91795351]
[9.94373444 8.17084004]
[11.6805541   7.61145101]
[11.02341599  8.09214951]
[10.84523268  8.01444336]
[10.70976251  8.97979589]
[10.58363445  8.44395787]
[10.65336848  7.69498067]
[10.63563884  6.21021525]
[10.69207886  6.45947539]
[10.4044772   5.75955071]
[10.38061264  5.82778295]
[9.75599138 7.77859214]
[9.64569503 8.50381064]
[9.86495924 8.92365664]
[9.99343404 8.17294905]
[11.72709164  7.61418067]
[11.06996215  8.10016185]
[10.88849385  8.01693851]
[10.75866675  8.97859891]
[10.63163877  8.44257861]
[10.70304374  7.6987804 ]
[10.68956141  6.20995493]
[10.74719661  6.45939071]
[10.45686771  5.75618196]
[10.43170887  5.82445924]
[9.80419588 7.7824227 ]
[9.6931126  8.50987257]
[9.914955   8.92915637]
[10.04301439  8.17492526]
[11.77353059  7.61670409]
[11.11638625  8.10821928]
[10.93164629  8.01958328]
[10.80714588  8.97739672]
[10.67957906  8.44118723]
[10.75245354  7.70267845]
[10.74334785  6.21015995]
[10.80255115  6.45885179]
[10.51002319  5.75285072]
[10.48307898  5.8213309 ]
[9.85220949 7.78605217]
[9.74005776 8.51515215]
[9.96491327 8.93443334]
[10.0925114   8.17685005]
[11.81996175  7.61918788]
[11.16268145  8.11626987]
[10.97448622  8.02252408]
[10.85528514  8.97631616]
[10.72748057  8.43978046]
[10.80151454  7.70662864]
[10.79680885  6.21048593]
[10.85825551  6.45798971]
[10.56281622  5.74988743]
[10.53454422  5.81862619]
[9.90007357 7.78949819]
[9.78651158 8.51959068]
[10.01482211  8.93947284]
[10.14199994  8.17881212]
[11.86640263  7.62162692]
[11.20881445  8.12426336]
[11.01703047  8.02575317]
[10.90310325  8.97541157]
[10.77540527  8.43833923]
[10.85026767  7.71063203]
[10.85022993  6.21093357]
[10.91414313  6.45679723]
[10.61626414  5.74692862]
[10.58618667  5.81623443]
[9.94775232 7.79267349]
[9.83270205 8.52313456]
[10.06473143  8.94419537]
[10.1914973   8.18087701]
[11.91264172  7.62410773]
[11.25496368  8.13221747]
[11.05953094  8.02911999]
[10.95070601  8.97482689]
[10.82313808  8.43698242]
[10.89900289  7.71461648]
[10.90373154  6.21148026]
[10.97022571  6.45520412]
[10.66984573  5.74404932]
[10.63801978  5.81385734]
[9.99487988 7.79523289]
[9.87863989 8.52595227]
[10.11448963  8.94869897]
[10.24063989  8.18303336]
[11.9582405   7.62676328]
[11.30142517  8.1402001 ]
[11.10248762  8.03239566]
[10.99774796  8.97450234]
[10.87019838  8.43595235]
[10.94704214  7.71869067]
[10.95751302  6.21226493]
[11.0264654   6.45326155]
[10.72415657  5.74105301]
[10.69047154  5.81145847]
[10.04121054  7.79744739]
[9.92416769 8.52830828]
[10.16372218  8.95331939]
[10.28866161  8.18505201]
[12.00324446  7.62949004]
[11.3480272   8.14812228]
[11.14594223  8.03532674]
[11.04446853  8.97441243]
[10.91662959  8.43530587]
[10.99451043  7.72290947]
[11.01127919  6.21336839]
[11.08295395  6.45085973]
[10.77841759  5.73832708]
[10.74308314  5.80919219]
[10.08693871  7.799241  ]
[9.96926962 8.53019195]
[10.2123081   8.95785526]
[10.33574736  8.18693209]
[12.04762383  7.63223929]
[11.39487801  8.15600133]
[11.18994776  8.03775829]
[11.09081229  8.97455631]
[10.96250082  8.43512643]
[11.04111623  7.7274018 ]
[11.06474924  6.21512639]
[11.13958315  6.44803742]
[10.83300721  5.73595875]
[10.79568536  5.80719667]
[10.13231633  7.80101912]
[10.01397612  8.53206755]
[10.26042584  8.96245255]
[10.38199978  8.18884403]
[12.09141106  7.63500977]
[11.44190494  8.16381666]
[11.23419815  8.039664  ]
[11.13681414  8.97500268]
[11.00779563  8.43539385]
[11.08694042  7.73228387]
[11.11791866  6.21725347]
[11.1964157   6.44523334]
[10.88759422  5.73408572]
[10.84843018  5.80542345]
[10.1772065   7.80288218]
[10.05827814  8.5341089 ]
[10.30772404  8.96713223]
[10.42742879  8.19064447]
[12.13460834  7.63781775]
[11.48909798  8.17150105]
[11.27870304  8.04120973]
[11.18245814  8.97591804]
[11.05254068  8.43630912]
[11.1319341   7.73756615]
[11.17073378  6.22002952]
[11.25325012  6.44265017]
[10.94208409  5.73276357]
[10.90140487  5.80407345]
[10.22192798  7.80508905]
[10.10223446  8.53632865]
[10.35425317  8.9721903 ]
[10.47208204  8.19239015]
[12.17721416  7.64068276]
[11.53652387  8.17911289]
[11.32334103  8.04245583]
[11.22770609  8.97737294]
[11.0967044   8.43790044]
[11.17607657  7.74321   ]
[11.22303798  6.22349672]
[11.31015581  6.44016753]
[10.99623584  5.73195866]
[10.95456521  5.80325774]
[10.26636159  7.80776557]
[10.14566999  8.53852134]
[10.39993663  8.97778803]
[10.51609306  8.19430376]
[12.21937409  7.64356368]
[11.58431724  8.18649724]
[11.36830772  8.04359991]
[11.2725035   8.97926643]
[11.14017547  8.44020218]
[11.21906191  7.74940525]
[11.27490626  6.22765286]
[11.36711007  6.43785215]
[11.05020432  5.7317469 ]
[11.0079171   5.80287419]
[10.31035733  7.81113896]
[10.18933589  8.54064371]
[10.44472306  8.98386835]
[10.5594651  8.1963131]
[12.26145621  7.64638872]
[11.63256947  8.19362246]
[11.41370784  8.04463074]
[11.3166945   8.98144908]
[11.1828306   8.44315808]
[11.26081468  7.75615597]
[11.32605216  6.23213062]
[11.42411795  6.4356717 ]
[11.10365681  5.73214576]
[11.06101223  5.80291141]
[10.35330377  7.81535699]
[10.23282848  8.54316807]
[10.48814031  8.99001431]
[10.60196029  8.19891305]
[12.30351673  7.64921993]
[11.68119267  8.20049276]
[11.45934439  8.04549514]
[11.36034048  8.98407057]
[11.22458088  8.44644113]
[11.30141378  7.76343387]
[11.37670701  6.23691054]
[11.48112171  6.43368588]
[11.1568784  5.7332964]
[11.11388944  5.80334999]
[10.39579896  7.81976006]
[10.27637104  8.54592688]
[10.53085288  8.99646451]
[10.64334957  8.20202145]
[12.34609597  7.65244267]
[11.72889107  8.20696511]
[11.50487663  8.04637482]
[11.40449402  8.98639648]
[11.26736646  8.4497841 ]
[11.3423722   7.77046523]
[11.42746213  6.24062547]
[11.53774191  6.43176201]
[11.21031506  5.73392383]
[11.16695625  5.80325765]
[10.4400339   7.82451591]
[10.32069948  8.54928393]
[10.57519094  9.00338346]
[10.68577107  8.20552603]
[12.38890457  7.65596011]
[11.77597495  8.21309938]
[11.5504088   8.04732726]
[11.44904704  8.98829012]
[11.31051731  8.45224472]
[11.38328456  7.7774735 ]
[11.47852048  6.2438227 ]
[11.59424122  6.42982104]
[11.26393659  5.73440189]
[11.21998322  5.80278103]
[10.485035    7.82993894]
[10.36546924  8.55362825]
[10.62065335  9.01058473]
[10.72924135  8.20930986]
[12.43234038  7.65980469]
[11.82228954  8.21899513]
[11.5957151   8.04838944]
[11.4937895   8.98971194]
[11.35410033  8.45429905]
[11.42451679  7.78445195]
[11.52987182  6.24639688]
[11.65060334  6.42807511]
[11.31775768  5.73466813]
[11.27309215  5.80202454]
[10.53068988  7.83555617]
[10.41103241  8.55878823]
[10.66729994  9.01805788]
[10.77386248  8.21339931]
[12.47620179  7.6639102 ]
[11.86803752  8.22469861]
[11.64089572  8.04966054]
[11.53892232  8.99105178]
[11.3979932   8.45605395]
[11.46610215  7.79161992]
[11.58147967  6.24819882]
[11.70677059  6.42654945]
[11.37163743  5.73479911]
[11.32624097  5.8009792 ]
[10.57692546  7.8415239 ]
[10.45696485  8.56494312]
[10.71498362  9.02569772]
[10.81984411  8.21763816]
[12.52087618  7.66822781]
[11.91312614  8.23023433]
[11.68602469  8.05148205]
[11.58437692  8.99225291]
[11.44212067  8.45764852]
[11.50849297  7.79894391]
[11.63329928  6.24971855]
[11.76258697  6.42528535]
[11.4257301   5.73481524]
[11.37940816  5.79970768]
[10.62350527  7.84750544]
[10.50390079  8.57170995]
[10.76368058  9.03356443]
[10.86722302  8.22198904]
[12.56619632  7.67267105]
[11.95775353  8.23560553]
[11.73095419  8.05380041]
[11.63004646  8.99341444]
[11.48648856  8.45910915]
[11.55172622  7.80625512]
[11.68516831  6.25086552]
[11.81809112  6.42427871]
[11.47992773  5.73473326]
[11.43265686  5.7982241 ]
[10.67097967  7.85353599]
[10.55110088  8.57922222]
[10.81321221  9.04165511]
[10.91584526  8.22659106]
[12.61218501  7.67722137]
[12.00190606  8.24089193]
[11.77580087  8.05644897]
[11.67591241  8.99478848]
[11.53114882  8.46070851]
[11.59547488  7.81371774]
[11.73726116  6.25172622]
[11.87340066  6.42355588]
[11.53421201  5.73468262]
[11.48596771  5.79662035]
[10.71913646  7.85947032]
[10.59910378  8.58743111]
[10.86358629  9.04983825]
[10.96562664  8.23161543]
[12.658821    7.68185242]
[12.04569813  8.24616504]
[11.82049254  8.05949382]
[11.72194255  8.99628395]
[11.57608857  8.46247288]
[11.63973649  7.82142206]
[11.78945071  6.25232962]
[11.92840955  6.42316525]
[11.58875217  5.73474245]
[11.53936932  5.79490716]
[10.76872879  7.86588685]
[10.64745805  8.5958056 ]
[10.91461417  9.05814786]
[11.01657564  8.2370896 ]
[12.70609324  7.68653263]
[12.08908983  8.25142982]
[11.86491572  8.06301558]
[11.76789793  8.99769279]
[11.62131199  8.46445086]
[11.68454276  7.82932818]
[11.84182869  6.25266622]
[11.98288781  6.42316852]
[11.64369645  5.73496679]
[11.59296941  5.79297326]
[10.81956015  7.87229207]
[10.69688292  8.60418563]
[10.96657427  9.06699053]
[11.06846872  8.24336448]
[12.7539673   7.69124468]
[12.13202612  8.25677043]
[11.90907219  8.06702117]
[11.81336463  8.99901105]
[11.66689577  8.46673146]
[11.72987608  7.8374826 ]
[11.89439796  6.25286097]
[12.03693306  6.42364345]
[11.69951016  5.73526973]
[11.64686236  5.79090713]
[10.87168513  7.8788177 ]
[10.74699003  8.61304922]
[11.01928729  9.0764332 ]
[11.12118702  8.25035114]
[12.80235983  7.69593916]
[12.17458586  8.26223376]
[11.95296264  8.07146248]
[11.85835282  9.00030712]
[11.71275242  8.46929667]
[11.77554919  7.84577268]
[11.94708513  6.25301104]
[12.09041702  6.42455919]
[11.7563098   5.73570994]
[11.70127989  5.78873816]
[10.92512908  7.88538209]
[10.79778747  8.62169125]
[11.07273609  9.08642815]
[11.17508865  8.25771586]
[12.85113346  7.70051922]
[12.21688869  8.26814267]
[11.99676965  8.07638766]
[11.90280309  9.00190443]
[11.75880491  8.47208518]
[11.82148349  7.85414271]
[11.99988825  6.25318273]
[12.14334811  6.42593598]
[11.81397257  5.7362833 ]
[11.75648677  5.78658431]
[10.97956179  7.89193981]
[10.84880032  8.62941394]
[11.12708418  9.09665555]
[11.23010311  8.26561044]
[12.90033195  7.70499055]
[12.25881992  8.27443985]
[12.04045231  8.08180939]
[11.94694317  9.00395829]
[11.80543379  8.47500532]
[11.86747807  7.86236034]
[12.05291343  6.25349707]
[12.19577172  6.42771734]
[11.87252001  5.73693942]
[11.81254348  5.78451925]
[11.03432351  7.89840394]
[10.90027663  8.63643906]
[11.1822569   9.10684455]
[11.2862966   8.27355993]
[12.94974592  7.70943647]
[12.30056748  8.28104951]
[12.08381912  8.0879376 ]
[11.99067158  9.00675858]
[11.85242048  8.47854886]
[11.91368531  7.87054975]
[12.10609328  6.25384005]
[12.24803621  6.42971318]
[11.9320136   5.73780737]
[11.86947545  5.78250068]
[11.08910338  7.90450066]
[10.95177885  8.64271254]
[11.23785274  9.11743182]
[11.34346569  8.28161645]
[12.99894877  7.71424086]
[12.34226045  8.28757368]
[12.12694787  8.09458871]
[12.03408378  9.01084618]
[11.89953037  8.48335341]
[11.9600916  7.8791671]
[12.15935268  6.25425245]
[12.30096524  6.43126893]
[11.99212442  5.73877115]
[11.92753284  5.78053256]
[11.14345218  7.91021659]
[11.00317728  8.64849874]
[11.2927059   9.12815071]
[11.40123214  8.28992723]
[13.04814847  7.71946945]
[12.38376398  8.2940958 ]
[12.16974092  8.10185143]
[12.07725936  9.01610404]
[11.94656964  8.48940256]
[12.00668945  7.88808543]
[12.21267901  6.25474764]
[12.354363    6.43258866]
[12.05285467  5.73973869]
[11.98666338  5.77880109]
[11.19774621  7.91582207]
[11.05470859  8.65379139]
[11.34788205  9.13856569]
[11.45837326  8.29763858]
[13.09741111  7.72511559]
[12.42514683  8.30057276]
[12.21202743  8.10958802]
[12.12051063  9.02258742]
[11.99393     8.49708141]
[12.05323096  7.8973906 ]
[12.26621714  6.25560848]
[12.40821988  6.43360432]
[12.11426537  5.74071466]
[12.04661337  5.77726974]
[11.25205587  7.92164499]
[11.10623081  8.65878487]
[11.40347111  9.14901214]
[11.5161316   8.30442681]
[13.14666105  7.73132217]
[12.46640047  8.3069849 ]
[12.25389756  8.11796264]
[12.16385516  9.03026874]
[12.0405358   8.50591573]
[12.09959812  7.90716242]
[12.31970223  6.25709329]
[12.46267741  6.43429193]
[12.1757178   5.74180394]
[12.10715506  5.77582517]
[11.30635299  7.9275856 ]
[11.15810409  8.66358571]
[11.45956499  9.15941561]
[11.57355435  8.3104262 ]
[13.19590005  7.73802219]
[12.50743373  8.31323301]
[12.29550621  8.12705356]
[12.20702708  9.03898142]
[12.08656482  8.51588561]
[12.14583528  7.9174621 ]
[12.37348634  6.25909587]
[12.51761724  6.43457207]
[12.23717025  5.74288077]
[12.16830474  5.77448586]
[11.36036386  7.93332964]
[11.20962665  8.66767597]
[11.51600131  9.16953925]
[11.63139266  8.31541325]
[13.24508708  7.7451116 ]
[12.54836517  8.3189808 ]
[12.33662797  8.13762938]
[12.24973743  9.04859138]
[12.13168524  8.52642525]
[12.19195112  7.92825715]
[12.42781422  6.26158453]
[12.57372255  6.43461556]
[12.29856182  5.74387698]
[12.22961195  5.77330488]
[11.41487909  7.93837948]
[11.26137846  8.67087591]
[11.57212099  9.17894804]
[11.68812555  8.31937655]
[13.29361122  7.75220905]
[12.59003849  8.32363706]
[12.37798337  8.14749321]
[12.29125842  9.05781689]
[12.17521539  8.53664442]
[12.23709866  7.93942793]
[12.48227539  6.26436102]
[12.63082909  6.43460294]
[12.35924798  5.74562374]
[12.2902924   5.77287689]
[11.46786829  7.94330989]
[11.31185627  8.67407437]
[11.62715457  9.18887018]
[11.74438456  8.32355862]
[13.34127286  7.75929542]
[12.63303561  8.32693567]
[12.42010391  8.1563971 ]
[12.33153695  9.06610971]
[12.21692839  8.54631515]
[12.28107294  7.95092883]
[12.53650608  6.26714428]
[12.68910792  6.43481446]
[12.41924987  5.74818674]
[12.35022855  5.7731341 ]
[11.52001535  7.94806474]
[11.36167534  8.67768074]
[11.68057601  9.19908716]
[11.79810375  8.32829682]
[13.38829145  7.76637788]
[12.67712984  8.32899076]
[12.46269399  8.16459284]
[12.37100737  9.073712  ]
[12.25750151  8.55531187]
[12.32424822  7.96230304]
[12.59024072  6.26942481]
[12.74834142  6.43505988]
[12.47866521  5.75089021]
[12.40915128  5.77415257]
[11.57081397  7.95211986]
[11.41068636  8.68177899]
[11.73158254  9.20920168]
[11.85284132  8.33390502]
[13.43456306  7.77334573]
[12.72242965  8.33013561]
[12.50549038  8.17249242]
[12.40994742  9.08073994]
[12.29723741  8.56386354]
[12.36705678  7.97303451]
[12.64279901  6.27195997]
[12.80844334  6.43542555]
[12.53742912  5.75401041]
[12.46745015  5.77576921]
[11.62134936  7.95601864]
[11.45914455  8.6864684 ]
[11.78050458  9.21950411]
[11.90595074  8.34077282]
[13.48108637  7.78022957]
[12.76750409  8.33098974]
[12.5490678   8.18015971]
[12.45018914  9.08749554]
[12.33791851  8.57219628]
[12.4097428   7.98312182]
[12.6946736   6.27431952]
[12.86794906  6.43598818]
[12.59569134  5.75763068]
[12.52541526  5.77844272]
[11.67107857  7.96114206]
[11.50772957  8.69247565]
[11.82900518  9.23003151]
[11.95921179  8.34883169]
[13.52751092  7.78682284]
[12.81285114  8.33179034]
[12.59329426  8.18730276]
[12.49104424  9.09405275]
[12.37924516  8.58032073]
[12.45252819  7.99246892]
[12.74574717  6.27652298]
[12.92684151  6.43619211]
[12.65343033  5.76181441]
[12.58308536  5.78216498]
[11.72031071  7.96769726]
[11.55590364  8.69960264]
[11.8766181   9.24103847]
[12.011807    8.35808534]
[13.57392195  7.79331654]
[12.85826318  8.33259863]
[12.63784208  8.19344591]
[12.53256778  9.10001487]
[12.42080727  8.58804064]
[12.49562027  8.00112296]
[12.79632601  6.2791341 ]
[12.98525569  6.43623616]
[12.71093361  5.76656405]
[12.64086946  5.78671936]
[11.7681862   7.97504183]
[11.60390682  8.70793179]
[11.92438155  9.25164125]
[12.06405794  8.36833939]
[13.62025876  7.79959615]
[12.90383118  8.3336399 ]
[12.68276264  8.19874948]
[12.57459882  9.10510768]
[12.46247027  8.59498981]
[12.53869939  8.00887416]
[12.84605335  6.28209483]
[13.04297532  6.4362385 ]
[12.76892701  5.77201263]
[12.69995839  5.79225764]
[11.81564966  7.98321044]
[11.65113081  8.71698363]
[11.97257966  9.26238485]
[12.11596772  8.37957322]
[13.66649859  7.80555477]
[12.94930165  8.33476769]
[12.72786376  8.203203  ]
[12.61720299  9.10942593]
[12.50460594  8.60099077]
[12.58204721  8.0158052 ]
[12.89518036  6.28543005]
[13.10003542  6.43633359]
[12.82755166  5.77814572]
[12.75984567  5.79846357]
[11.86226781  7.99203071]
[11.69876405  8.72652799]
[12.02137753  9.27278292]
[12.16744721  8.39157145]
[13.7126936  7.8109761]
[12.99491663  8.33594717]
[12.77325071  8.20685146]
[12.6604755   9.11294327]
[12.54739492  8.60598432]
[12.62583488  8.02153256]
[12.9435981   6.28917894]
[13.15728909  6.43663961]
[12.88744956  5.78536445]
[12.82073588  5.80534114]
[11.90972659  8.00069598]
[11.74649555  8.73638832]
[12.0711527   9.28292412]
[12.21865608  8.40393621]
[13.75884501  7.81574934]
[13.04041554  8.33726346]
[12.81897322  8.2097054 ]
[12.70405176  9.11557748]
[12.59087114  8.60991356]
[12.66994411  8.02617179]
[12.99151395  6.29336566]
[13.214486    6.43720713]
[12.94840699  5.79343581]
[12.88238035  5.81223927]
[11.95775815  8.00943557]
[11.79483811  8.74657574]
[12.12160389  9.2925596 ]
[12.26991132  8.41663448]
[13.80483415  7.81996064]
[13.08571044  8.33864511]
[12.86508316  8.21167299]
[12.74784476  9.11724266]
[12.63472792  8.61290823]
[12.71438879  8.02978579]
[13.03894893  6.29790043]
[13.27139629  6.43790453]
[13.00960072  5.80209973]
[12.94445951  5.81915443]
[12.00695047  8.01810603]
[11.84297294  8.7570988 ]
[12.17274365  9.30168254]
[12.32099713  8.42941022]
[13.85070915  7.82364766]
[13.13072283  8.34015164]
[12.91173235  8.21272483]
[12.79167732  9.11796601]
[12.67873083  8.61485943]
[12.75917436  8.0324856 ]
[13.08596841  6.30272624]
[13.32792558  6.43888257]
[13.07130568  5.81099688]
[13.00685877  5.82631784]
[12.05713228  8.02633123]
[11.89184611  8.76692867]
[12.22465253  9.3102136 ]
[12.37258541  8.44195868]
[13.89648162  7.8267993 ]
[13.17556755  8.34191321]
[12.95909851  8.21297956]
[12.83579764  9.11793268]
[12.72292754  8.61584524]
[12.80430223  8.03439937]
[13.13279423  6.30776889]
[13.38404756  6.44004625]
[13.13307309  5.8201513 ]
[13.06961438  5.83380836]
[12.10806616  8.03390858]
[11.94130582  8.77547974]
[12.27711033  9.31803551]
[12.42463027  8.45411305]
[13.94219727  7.82937657]
[13.21963662  8.34393657]
[13.00667459  8.21257171]
[12.88031546  9.11761518]
[12.7676057   8.61597718]
[12.84982643  8.03556255]
[13.17941666  6.31302216]
[13.43956439  6.44133583]
[13.1947743   5.82956053]
[13.13226481  5.84183667]
[12.15962771  8.04029904]
[11.99181762  8.78264281]
[12.32997148  9.32499306]
[12.47687276  8.46567953]
[13.98784714  7.83135367]
[13.26310249  8.346407  ]
[13.05436432  8.21150406]
[12.92526338  9.11709042]
[12.81277967  8.61594855]
[12.89566071  8.03592841]
[13.22538135  6.31832664]
[13.49482551  6.44275948]
[13.2562693   5.83929707]
[13.194885    5.85059863]
[12.21169641  8.04510287]
[12.04293924  8.78841647]
[12.38331172  9.33096349]
[12.52924927  8.47667197]
[14.03243585  7.83282291]
[13.30688962  8.3480048 ]
[13.10058571  8.2107997 ]
[12.97002699  9.11761281]
[12.85762191  8.61698111]
[12.94007399  8.03682884]
[13.27074483  6.32387887]
[13.5509894   6.44389667]
[13.31701873  5.84944201]
[13.25695269  5.85943594]
[12.26268861  8.04983129]
[12.09367943  8.79477314]
[12.43587612  9.33739957]
[12.58031885  8.48699086]
[14.07655805  7.83383224]
[13.35092263  8.34897456]
[13.14555426  8.21075645]
[13.01510128  9.1191593 ]
[12.90255533  8.61910411]
[12.98323812  8.0381889 ]
[13.31552882  6.32970342]
[13.60739704  6.4449193 ]
[13.37706858  5.85992102]
[13.31816517  5.86838766]
[12.31276418  8.05458517]
[12.14368439  8.8012536 ]
[12.48702256  9.34456668]
[12.62997119  8.49652288]
[14.12042129  7.83430312]
[13.39502782  8.3492539 ]
[13.19073086  8.21038008]
[13.0603745   9.12017375]
[12.94772757  8.62071867]
[13.02640166  8.03918316]
[13.36099269  6.33528575]
[13.6630208   6.44643929]
[13.43626102  5.87072526]
[13.37908169  5.87754995]
[12.36282489  8.05939032]
[12.1939857   8.80789416]
[12.53794269  9.35173211]
[12.67958078  8.50549172]
[14.16423601  7.8344597 ]
[13.43926393  8.34889751]
[13.23638172  8.20890699]
[13.10550164  9.11983917]
[12.99313591  8.62107033]
[13.07019798  8.03928647]
[13.40711318  6.34115272]
[13.71737388  6.44883907]
[13.49481178  5.88153808]
[13.43900791  5.88683135]
[12.4135274   8.06395785]
[12.24430512  8.81448882]
[12.58967007  9.35817308]
[12.73020828  8.51433915]
[14.20902486  7.83499645]
[13.48384471  8.3486366 ]
[13.28282984  8.20688062]
[13.15042383  9.11816283]
[13.03858087  8.6200746 ]
[13.11505507  8.03885494]
[13.45397735  6.34697218]
[13.77066429  6.45180172]
[13.55246177  5.89192066]
[13.49837008  5.89637475]
[12.46518971  8.06752771]
[12.29591     8.81985316]
[12.64205261  9.36305488]
[12.78228962  8.52342355]
[14.25469544  7.83562087]
[13.52844066  8.34855532]
[13.33019045  8.20438042]
[13.19509553  9.11575149]
[13.08381479  8.61810085]
[13.16095558  8.03820044]
[13.50128714  6.35275119]
[13.82294126  6.45544859]
[13.60910293  5.90204191]
[13.55744852  5.90562156]
[12.51730526  8.06976651]
[12.34784477  8.82362682]
[12.69480828  9.36685881]
[12.83570311  8.53281458]
[14.30009736  7.83633574]
[13.57308791  8.34890623]
[13.37688959  8.20226136]
[13.23933822  9.11349212]
[13.12854249  8.61645074]
[13.20631679  8.03810284]
[13.54840303  6.35812347]
[13.87495661  6.45911664]
[13.66541678  5.91229936]
[13.61628     5.91469599]
[12.56866424  8.07280883]
[12.39911532  8.82726054]
[12.74712456  9.37101396]
[12.88888196  8.54223847]
[14.34559557  7.83728232]
[13.61778397  8.34971742]
[13.42301159  8.20076457]
[13.28321205  9.11128294]
[13.17289205  8.61491068]
[13.25107425  8.03853777]
[13.5953559   6.36330005]
[13.92652922  6.46287923]
[13.72163055  5.92255525]
[13.67494418  5.92364673]
[12.61991598  8.07684661]
[12.45005552  8.83136749]
[12.79902202  9.37525555]
[12.94175522  8.55137327]
